Ad5 27501 27501 6
Ad5 27503 27503 5
Ad5 27504 27504 1
Ad5 27505 27505 1
Ad5 27506 27506 6
Ad5 27507 27507 16
Ad5 27508 27508 6
Ad5 27509 27509 6
Ad5 27510 27510 1
Ad5 27511 27511 4
Ad5 27512 27512 1
Ad5 27513 27513 5
Ad5 27514 27514 7
Ad5 27516 27516 11
Ad5 27517 27517 16
Ad5 27518 27518 1
Ad5 27519 27519 1
Ad5 27520 27520 6
Ad5 27521 27521 4
Ad5 27522 27522 6
Ad5 27523 27523 7
Ad5 27524 27524 7
Ad5 27525 27525 7
Ad5 27526 27526 19
Ad5 27527 27527 24
Ad5 27528 27528 1
Ad5 27529 27529 1
Ad5 27530 27530 6
Ad5 27531 27531 12
Ad5 27532 27532 1
Ad5 27533 27533 1
Ad5 27534 27534 1
Ad5 27535 27535 8
Ad5 27536 27536 2
Ad5 27537 27537 1
Ad5 27538 27538 2
Ad5 27539 27539 2
Ad5 27540 27540 4
Ad5 27541 27541 5
Ad5 27544 27544 1
Ad5 27545 27545 1
Ad5 27546 27546 16
Ad5 27547 27547 7
Ad5 27548 27548 4
Ad5 27549 27549 6
Ad5 27550 27550 3
Ad5 27551 27551 10
Ad5 27552 27552 12
Ad5 27553 27553 12
Ad5 27554 27554 6
Ad5 27555 27555 9
Ad5 27556 27556 8
Ad5 27557 27557 13
Ad5 27558 27558 8
Ad5 27559 27559 15
Ad5 27560 27560 5
Ad5 27561 27561 9
Ad5 27562 27562 3
Ad5 27563 27563 2
Ad5 27564 27564 17
Ad5 27565 27565 4
Ad5 27566 27566 18
Ad5 27567 27567 21
Ad5 27568 27568 10
Ad5 27569 27569 4
Ad5 27570 27570 9
Ad5 27571 27571 9
Ad5 27572 27572 2
Ad5 27573 27573 2
Ad5 27574 27574 2
Ad5 27575 27575 1
Ad5 27576 27576 21
Ad5 27577 27577 224
Ad5 27578 27578 49
Ad5 27579 27579 171
Ad5 27580 27580 132
Ad5 27581 27581 52
Ad5 27582 27582 75
Ad5 27583 27583 3
Ad5 27584 27584 21
Ad5 27585 27585 25
Ad5 27586 27586 20
Ad5 27587 27587 8
Ad5 27588 27588 10
Ad5 27589 27589 42
Ad5 27590 27590 22
Ad5 27591 27591 4
Ad5 27592 27592 10
Ad5 27593 27593 6
Ad5 27594 27594 3
Ad5 27595 27595 4
Ad5 27596 27596 5
Ad5 27597 27597 1
Ad5 27600 27600 4
Ad5 27601 27601 10
Ad5 27602 27602 3
Ad5 27603 27603 16
Ad5 27604 27604 20
Ad5 27605 27605 1
Ad5 27606 27606 3
Ad5 27607 27607 3
Ad5 27608 27608 5
Ad5 27609 27609 30
Ad5 27610 27610 22
Ad5 27611 27611 9
Ad5 27612 27612 4
Ad5 27613 27613 7
Ad5 27614 27614 18
Ad5 27615 27615 7
Ad5 27616 27616 4
Ad5 27617 27617 7
Ad5 27618 27618 4
Ad5 27620 27620 3
Ad5 27621 27621 1
Ad5 27622 27622 1
Ad5 27624 27624 3
Ad5 27625 27625 5
Ad5 27626 27626 1
Ad5 27627 27627 15
Ad5 27628 27628 9
Ad5 27629 27629 9
Ad5 27630 27630 9
Ad5 27631 27631 3
Ad5 27632 27632 1
Ad5 27633 27633 2
Ad5 27634 27634 5
Ad5 27635 27635 14
Ad5 27636 27636 15
Ad5 27637 27637 5
Ad5 27638 27638 4
Ad5 27639 27639 10
Ad5 27640 27640 11
Ad5 27641 27641 4
Ad5 27642 27642 2
Ad5 27643 27643 3
Ad5 27644 27644 3
Ad5 27646 27646 1
Ad5 27647 27647 1
Ad5 27651 27651 4
Ad5 27652 27652 5
Ad5 27653 27653 9
Ad5 27654 27654 5
Ad5 27655 27655 4
Ad5 27656 27656 1
Ad5 27657 27657 19
Ad5 27658 27658 13
Ad5 27659 27659 16
Ad5 27660 27660 14
Ad5 27661 27661 5
Ad5 27662 27662 2
Ad5 27664 27664 4
Ad5 27665 27665 7
Ad5 27666 27666 7
Ad5 27667 27667 17
Ad5 27668 27668 14
Ad5 27669 27669 14
Ad5 27670 27670 27
Ad5 27671 27671 20
Ad5 27672 27672 7
Ad5 27673 27673 16
Ad5 27674 27674 1
Ad5 27675 27675 4
Ad5 27676 27676 6
Ad5 27678 27678 5
Ad5 27679 27679 7
Ad5 27680 27680 1
Ad5 27682 27682 1
Ad5 27683 27683 2
Ad5 27684 27684 8
Ad5 27685 27685 4
Ad5 27686 27686 2
Ad5 27687 27687 14
Ad5 27688 27688 2
Ad5 27689 27689 3
Ad5 27690 27690 5
Ad5 27691 27691 3
Ad5 27692 27692 3
Ad5 27693 27693 7
Ad5 27694 27694 6
Ad5 27695 27695 9
Ad5 27696 27696 6
Ad5 27698 27698 2
Ad5 27699 27699 15
Ad5 27700 27700 15
Ad5 27701 27701 4
Ad5 27702 27702 7
Ad5 27703 27703 2
Ad5 27704 27704 1
Ad5 27705 27705 2
Ad5 27706 27706 16
Ad5 27707 27707 4
Ad5 27708 27708 5
Ad5 27709 27709 3
Ad5 27710 27710 6
Ad5 27711 27711 14
Ad5 27712 27712 10
Ad5 27713 27713 3
Ad5 27714 27714 10
Ad5 27715 27715 6
Ad5 27716 27716 7
Ad5 27717 27717 4
Ad5 27718 27718 3
Ad5 27719 27719 8
Ad5 27720 27720 7
Ad5 27721 27721 17
Ad5 27722 27722 7
Ad5 27723 27723 7
Ad5 27724 27724 1
Ad5 27727 27727 1
Ad5 27728 27728 9
Ad5 27729 27729 8
Ad5 27730 27730 5
Ad5 27731 27731 2
Ad5 27732 27732 19
Ad5 27733 27733 11
Ad5 27734 27734 6
Ad5 27735 27735 11
Ad5 27736 27736 3
Ad5 27737 27737 9
Ad5 27738 27738 3
Ad5 27739 27739 2
Ad5 27740 27740 3
Ad5 27741 27741 3
Ad5 27742 27742 6
Ad5 27743 27743 13
Ad5 27744 27744 5
Ad5 27745 27745 2
Ad5 27746 27746 3
Ad5 27747 27747 11
Ad5 27748 27748 8
Ad5 27749 27749 6
Ad5 27750 27750 10
Ad5 27751 27751 2
Ad5 27752 27752 2
Ad5 27753 27753 4
Ad5 27754 27754 4
Ad5 27755 27755 1
Ad5 27756 27756 1
Ad5 27757 27757 4
Ad5 27758 27758 4
Ad5 27759 27759 1
Ad5 27760 27760 2
Ad5 27761 27761 5
Ad5 27762 27762 4
Ad5 27763 27763 1
Ad5 27764 27764 11
Ad5 27765 27765 6
Ad5 27766 27766 4
Ad5 27767 27767 5
Ad5 27770 27770 1
Ad5 27774 27774 2
Ad5 27775 27775 3
Ad5 27776 27776 1
Ad5 27777 27777 3
Ad5 27778 27778 38
Ad5 27779 27779 2
Ad5 27780 27780 2
Ad5 27783 27783 9
Ad5 27784 27784 15
Ad5 27785 27785 80
Ad5 27786 27786 11
Ad5 27787 27787 1
Ad5 27788 27788 9
Ad5 27789 27789 8
Ad5 27790 27790 8
Ad5 27791 27791 2
Ad5 27792 27792 1
Ad5 27793 27793 3
Ad5 27794 27794 13
Ad5 27795 27795 7
Ad5 27796 27796 2
Ad5 27797 27797 16
Ad5 27798 27798 5
Ad5 27799 27799 12
Ad5 27800 27800 3
Ad5 27801 27801 5
Ad5 27802 27802 1
Ad5 27803 27803 5
Ad5 27804 27804 3
Ad5 27805 27805 9
Ad5 27806 27806 14
Ad5 27807 27807 10
Ad5 27808 27808 4
Ad5 27809 27809 3
Ad5 27810 27810 10
Ad5 27811 27811 7
Ad5 27812 27812 7
Ad5 27813 27813 2
Ad5 27814 27814 4
Ad5 27815 27815 7
Ad5 27816 27816 3
Ad5 27818 27818 12
Ad5 27819 27819 10
Ad5 27820 27820 15
Ad5 27821 27821 2
Ad5 27822 27822 1
Ad5 27823 27823 5
Ad5 27824 27824 1
Ad5 27825 27825 20
Ad5 27826 27826 6
Ad5 27827 27827 7
Ad5 27828 27828 3
Ad5 27829 27829 9
Ad5 27830 27830 72
Ad5 27831 27831 14
Ad5 27832 27832 33
Ad5 27833 27833 9
Ad5 27834 27834 3
Ad5 27835 27835 8
Ad5 27836 27836 16
Ad5 27837 27837 11
Ad5 27838 27838 19
Ad5 27839 27839 7
Ad5 27840 27840 5
Ad5 27841 27841 33
Ad5 27842 27842 6
Ad5 27843 27843 4
Ad5 27845 27845 5
Ad5 27846 27846 7
Ad5 27847 27847 1
Ad5 27848 27848 13
Ad5 27849 27849 9
Ad5 27850 27850 5
Ad5 27851 27851 2
Ad5 27852 27852 1
Ad5 27853 27853 3
Ad5 27854 27854 3
Ad5 27855 27855 5
Ad5 27856 27856 5
Ad5 27857 27857 2
Ad5 27858 27858 5
Ad5 27859 27859 3
Ad5 27860 27860 4
Ad5 27861 27861 2
Ad5 27862 27862 2
Ad5 27864 27864 23
Ad5 27865 27865 1
Ad5 27866 27866 3
Ad5 27867 27867 3
Ad5 27868 27868 12
Ad5 27869 27869 12
Ad5 27870 27870 8
Ad5 27871 27871 13
Ad5 27872 27872 7
Ad5 27873 27873 4
Ad5 27874 27874 12
Ad5 27875 27875 12
Ad5 27876 27876 3
Ad5 27877 27877 1
Ad5 27878 27878 1
Ad5 27879 27879 4
Ad5 27880 27880 3
Ad5 27881 27881 2
Ad5 27882 27882 3
Ad5 27883 27883 7
Ad5 27884 27884 4
Ad5 27885 27885 8
Ad5 27886 27886 4
Ad5 27887 27887 3
Ad5 27888 27888 2
Ad5 27889 27889 5
Ad5 27890 27890 6
Ad5 27891 27891 5
Ad5 27892 27892 1
Ad5 27894 27894 10
Ad5 27895 27895 8
Ad5 27896 27896 3
Ad5 27897 27897 1
Ad5 27898 27898 1
Ad5 27899 27899 2
Ad5 27900 27900 2
Ad5 27901 27901 1
Ad5 27902 27902 2
Ad5 27904 27904 5
Ad5 27905 27905 4
Ad5 27906 27906 1
Ad5 27907 27907 11
Ad5 27908 27908 6
Ad5 27909 27909 4
Ad5 27910 27910 6
Ad5 27911 27911 2
Ad5 27912 27912 2
Ad5 27914 27914 4
Ad5 27916 27916 2
Ad5 27917 27917 3
Ad5 27918 27918 3
Ad5 27919 27919 3
Ad5 27921 27921 1
Ad5 27923 27923 3
Ad5 27924 27924 2
Ad5 27925 27925 3
Ad5 27926 27926 4
Ad5 27927 27927 5
Ad5 27928 27928 1
Ad5 27929 27929 3
Ad5 27930 27930 2
Ad5 27931 27931 8
Ad5 27932 27932 1
Ad5 27935 27935 3
Ad5 27936 27936 6
Ad5 27937 27937 6
Ad5 27938 27938 2
Ad5 27939 27939 2
Ad5 27940 27940 1
Ad5 27941 27941 1
Ad5 27942 27942 1
Ad5 27944 27944 1
Ad5 27945 27945 4
Ad5 27946 27946 3
Ad5 27947 27947 1
Ad5 27948 27948 1
Ad5 27950 27950 5
Ad5 27951 27951 1
Ad5 27953 27953 5
Ad5 27954 27954 4
Ad5 27955 27955 2
Ad5 27956 27956 1
Ad5 27957 27957 1
Ad5 27958 27958 2
Ad5 27959 27959 1
Ad5 27960 27960 3
Ad5 27961 27961 1
Ad5 27962 27962 1
Ad5 27963 27963 1
Ad5 27966 27966 1
Ad5 27971 27971 2
Ad5 27973 27973 2
Ad5 27975 27975 1
Ad5 27976 27976 1
Ad5 27977 27977 3
Ad5 27978 27978 4
Ad5 27979 27979 6
Ad5 27980 27980 2
Ad5 27981 27981 3
Ad5 27982 27982 3
Ad5 27984 27984 1
Ad5 27985 27985 2
Ad5 27986 27986 5
Ad5 27987 27987 1
Ad5 27988 27988 4
Ad5 27989 27989 1
Ad5 27990 27990 1
Ad5 27991 27991 1
Ad5 27992 27992 1
Ad5 27995 27995 1
Ad5 27996 27996 2
Ad5 28002 28002 2
Ad5 28008 28008 1
Ad5 28012 28012 2
Ad5 28013 28013 1
Ad5 28014 28014 1
Ad5 28015 28015 2
Ad5 28016 28016 1
Ad5 28018 28018 1
Ad5 28023 28023 2
Ad5 28026 28026 1
Ad5 28028 28028 1
Ad5 28029 28029 1
Ad5 28031 28031 1
Ad5 28043 28043 1
Ad5 28049 28049 1
Ad5 28056 28056 2
Ad5 28072 28072 1
Ad5 28083 28083 1
Ad5 28098 28098 1
Ad5 28103 28103 1
Ad5 28106 28106 1
Ad5 28112 28112 1
Ad5 28114 28114 1
Ad5 28115 28115 1
Ad5 28122 28122 1
Ad5 28126 28126 1
Ad5 28132 28132 1
Ad5 28137 28137 2
Ad5 28138 28138 1
Ad5 28140 28140 1
Ad5 28142 28142 1
Ad5 28154 28154 1
Ad5 28157 28157 1
Ad5 28161 28161 1
Ad5 28162 28162 2
Ad5 28165 28165 1
Ad5 28167 28167 1
Ad5 28172 28172 1
Ad5 28174 28174 1
Ad5 28187 28187 1
Ad5 28191 28191 1
Ad5 28194 28194 1
Ad5 28198 28198 1
Ad5 28200 28200 1
Ad5 28201 28201 1
Ad5 28206 28206 2
Ad5 28209 28209 1
Ad5 28217 28217 1
Ad5 28226 28226 1
Ad5 28228 28228 2
Ad5 28238 28238 1
Ad5 28277 28277 2
Ad5 28278 28278 1
Ad5 28279 28279 3
Ad5 28285 28285 3
Ad5 28287 28287 1
Ad5 28288 28288 1
Ad5 28289 28289 2
Ad5 28290 28290 2
Ad5 28291 28291 1
Ad5 28294 28294 2
Ad5 28295 28295 8
Ad5 28296 28296 75
Ad5 28297 28297 19
Ad5 28298 28298 22
Ad5 28299 28299 46
Ad5 28300 28300 36
Ad5 28301 28301 12
Ad5 28302 28302 105
Ad5 28303 28303 4
Ad5 28304 28304 15
Ad5 28305 28305 165
Ad5 28306 28306 36
Ad5 28307 28307 63
Ad5 28308 28308 11
Ad5 28309 28309 4
Ad5 28310 28310 4
Ad5 28311 28311 12
Ad5 28312 28312 17
Ad5 28313 28313 10
Ad5 28314 28314 2
Ad5 28315 28315 1
Ad5 28316 28316 9
Ad5 28317 28317 1
Ad5 28318 28318 1
Ad5 28320 28320 3
Ad5 28321 28321 9
Ad5 28322 28322 1
Ad5 28323 28323 1
Ad5 28324 28324 14
Ad5 28325 28325 6
Ad5 28326 28326 18
Ad5 28327 28327 5
Ad5 28328 28328 1
Ad5 28333 28333 1
Ad5 28334 28334 2
Ad5 28335 28335 4
Ad5 28336 28336 6
Ad5 28339 28339 5
Ad5 28342 28342 3
Ad5 28343 28343 6
Ad5 28345 28345 3
Ad5 28346 28346 2
Ad5 28347 28347 11
Ad5 28348 28348 3
Ad5 28349 28349 4
Ad5 28350 28350 8
Ad5 28351 28351 3
Ad5 28352 28352 4
Ad5 28355 28355 2
Ad5 28357 28357 2
Ad5 28359 28359 4
Ad5 28360 28360 5
Ad5 28361 28361 3
Ad5 28367 28367 1
Ad5 28370 28370 3
Ad5 28371 28371 4
Ad5 28372 28372 4
Ad5 28373 28373 21
Ad5 28374 28374 8
Ad5 28375 28375 3
Ad5 28376 28376 3
Ad5 28377 28377 12
Ad5 28378 28378 8
Ad5 28379 28379 8
Ad5 28380 28380 1
Ad5 28381 28381 5
Ad5 28382 28382 1
Ad5 28383 28383 3
Ad5 28385 28385 9
Ad5 28386 28386 7
Ad5 28387 28387 3
Ad5 28388 28388 2
Ad5 28389 28389 1
Ad5 28390 28390 1
Ad5 28391 28391 3
Ad5 28392 28392 1
Ad5 28393 28393 2
Ad5 28394 28394 4
Ad5 28395 28395 2
Ad5 28396 28396 2
Ad5 28400 28400 2
Ad5 28401 28401 2
Ad5 28402 28402 2
Ad5 28403 28403 1
Ad5 28404 28404 6
Ad5 28405 28405 2
Ad5 28406 28406 5
Ad5 28407 28407 1
Ad5 28409 28409 1
Ad5 28410 28410 2
Ad5 28411 28411 1
Ad5 28412 28412 2
Ad5 28414 28414 1
Ad5 28416 28416 4
Ad5 28419 28419 1
Ad5 28420 28420 3
Ad5 28421 28421 8
Ad5 28422 28422 1
Ad5 28423 28423 4
Ad5 28424 28424 4
Ad5 28425 28425 7
Ad5 28426 28426 7
Ad5 28427 28427 3
Ad5 28428 28428 4
Ad5 28429 28429 1
Ad5 28430 28430 2
Ad5 28431 28431 1
Ad5 28432 28432 1
Ad5 28433 28433 2
Ad5 28434 28434 3
Ad5 28435 28435 7
Ad5 28436 28436 4
Ad5 28437 28437 4
Ad5 28438 28438 1
Ad5 28439 28439 1
Ad5 28441 28441 2
Ad5 28442 28442 3
Ad5 28443 28443 1
Ad5 28446 28446 5
Ad5 28447 28447 3
Ad5 28448 28448 2
Ad5 28449 28449 4
Ad5 28450 28450 3
Ad5 28451 28451 3
Ad5 28452 28452 2
Ad5 28453 28453 5
Ad5 28454 28454 2
Ad5 28455 28455 2
Ad5 28456 28456 2
Ad5 28458 28458 3
Ad5 28459 28459 3
Ad5 28460 28460 1
Ad5 28462 28462 2
Ad5 28463 28463 4
Ad5 28464 28464 2
Ad5 28470 28470 1
Ad5 28471 28471 3
Ad5 28472 28472 1
Ad5 28473 28473 3
Ad5 28474 28474 2
Ad5 28475 28475 1
Ad5 28476 28476 2
Ad5 28477 28477 3
Ad5 28478 28478 1
Ad5 28485 28485 1
Ad5 28486 28486 1
Ad5 28487 28487 1
Ad5 28491 28491 1
Ad5 28492 28492 1
Ad5 28496 28496 1
Ad5 28510 28510 3
Ad5 28517 28517 1
Ad5 28521 28521 1
Ad5 28522 28522 1
Ad5 28527 28527 1
Ad5 28528 28528 2
Ad5 28530 28530 1
Ad5 28531 28531 1
Ad5 28534 28534 1
Ad5 28537 28537 1
Ad5 28540 28540 1
Ad5 28544 28544 1
Ad5 28547 28547 1
Ad5 28558 28558 1
Ad5 28565 28565 1
Ad5 28566 28566 3
Ad5 28570 28570 2
Ad5 28571 28571 1
Ad5 28573 28573 1
Ad5 28576 28576 1
Ad5 28578 28578 2
Ad5 28579 28579 2
Ad5 28583 28583 1
Ad5 28587 28587 1
Ad5 28592 28592 1
Ad5 28593 28593 4
Ad5 28600 28600 1
Ad5 28601 28601 3
Ad5 28606 28606 2
Ad5 28607 28607 3
Ad5 28609 28609 1
Ad5 28611 28611 1
Ad5 28612 28612 1
Ad5 28618 28618 3
Ad5 28622 28622 4
Ad5 28626 28626 1
Ad5 28629 28629 1
Ad5 28631 28631 3
Ad5 28632 28632 1
Ad5 28633 28633 4
Ad5 28634 28634 1
Ad5 28635 28635 1
Ad5 28646 28646 1
Ad5 28654 28654 2
Ad5 28655 28655 3
Ad5 28656 28656 1
Ad5 28657 28657 4
Ad5 28659 28659 2
Ad5 28662 28662 2
Ad5 28667 28667 1
Ad5 28668 28668 1
Ad5 28670 28670 2
Ad5 28671 28671 2
Ad5 28673 28673 2
Ad5 28676 28676 1
Ad5 28686 28686 2
Ad5 28687 28687 1
Ad5 28708 28708 2
Ad5 28709 28709 1
Ad5 28710 28710 3
Ad5 28711 28711 1
Ad5 28712 28712 2
Ad5 28715 28715 1
Ad5 28719 28719 5
Ad5 28720 28720 2
Ad5 28721 28721 1
Ad5 28722 28722 1
Ad5 28726 28726 1
Ad5 28728 28728 1
Ad5 28730 28730 1
Ad5 28732 28732 3
Ad5 28737 28737 1
Ad5 28738 28738 1
Ad5 28740 28740 1
Ad5 28742 28742 1
Ad5 28744 28744 1
Ad5 28745 28745 3
Ad5 28746 28746 1
Ad5 28748 28748 2
Ad5 28754 28754 2
Ad5 28755 28755 1
Ad5 28756 28756 2
Ad5 28757 28757 1
Ad5 28762 28762 2
Ad5 28764 28764 1
Ad5 28765 28765 2
Ad5 28766 28766 4
Ad5 28769 28769 3
Ad5 28770 28770 1
Ad5 28773 28773 2
Ad5 28774 28774 1
Ad5 28775 28775 1
Ad5 28781 28781 1
Ad5 28783 28783 2
Ad5 28784 28784 1
Ad5 28785 28785 1
Ad5 28789 28789 2
Ad5 28790 28790 1
Ad5 28793 28793 1
Ad5 28796 28796 1
Ad5 28801 28801 1
Ad5 28807 28807 2
Ad5 28808 28808 2
Ad5 28809 28809 1
Ad5 28811 28811 2
Ad5 28816 28816 1
Ad5 28818 28818 1
Ad5 28820 28820 3
Ad5 28821 28821 1
Ad5 28824 28824 3
Ad5 28826 28826 1
Ad5 28828 28828 1
Ad5 28831 28831 1
Ad5 28832 28832 1
Ad5 28833 28833 1
Ad5 28835 28835 3
Ad5 28837 28837 1
Ad5 28838 28838 5
Ad5 28840 28840 1
Ad5 28845 28845 4
Ad5 28846 28846 1
Ad5 28850 28850 1
Ad5 28855 28855 2
Ad5 28856 28856 1
Ad5 28859 28859 2
Ad5 28865 28865 1
Ad5 28866 28866 2
Ad5 28867 28867 1
Ad5 28874 28874 1
Ad5 28875 28875 1
Ad5 28876 28876 6
Ad5 28877 28877 3
Ad5 28878 28878 2
Ad5 28880 28880 1
Ad5 28884 28884 2
Ad5 28885 28885 1
Ad5 28886 28886 1
Ad5 28887 28887 1
Ad5 28888 28888 2
Ad5 28889 28889 1
Ad5 28891 28891 1
Ad5 28892 28892 1
Ad5 28893 28893 1
Ad5 28894 28894 1
Ad5 28895 28895 2
Ad5 28897 28897 1
Ad5 28899 28899 1
Ad5 28900 28900 1
Ad5 28901 28901 2
Ad5 28902 28902 1
Ad5 28906 28906 5
Ad5 28911 28911 2
Ad5 28912 28912 2
Ad5 28913 28913 1
Ad5 28915 28915 1
Ad5 28916 28916 2
Ad5 28918 28918 1
Ad5 28919 28919 1
Ad5 28921 28921 4
Ad5 28923 28923 1
Ad5 28926 28926 1
Ad5 28928 28928 2
Ad5 28932 28932 2
Ad5 28935 28935 1
Ad5 28937 28937 2
Ad5 28938 28938 1
Ad5 28945 28945 1
Ad5 28948 28948 1
Ad5 28949 28949 1
Ad5 28950 28950 2
Ad5 28956 28956 1
Ad5 28960 28960 1
Ad5 28963 28963 1
Ad5 28966 28966 1
Ad5 28973 28973 2
Ad5 28974 28974 1
Ad5 28978 28978 2
Ad5 28980 28980 1
Ad5 28982 28982 1
Ad5 28984 28984 1
Ad5 28985 28985 2
Ad5 28986 28986 1
Ad5 28988 28988 1
Ad5 28990 28990 5
Ad5 28992 28992 1
Ad5 28993 28993 1
Ad5 28995 28995 2
Ad5 28996 28996 1
Ad5 28997 28997 1
Ad5 28998 28998 1
Ad5 29000 29000 1
Ad5 29003 29003 1
Ad5 29004 29004 2
Ad5 29005 29005 1
Ad5 29009 29009 3
Ad5 29015 29015 1
Ad5 29023 29023 2
Ad5 29024 29024 2
Ad5 29025 29025 2
Ad5 29030 29030 2
Ad5 29032 29032 2
Ad5 29034 29034 1
Ad5 29037 29037 1
Ad5 29038 29038 1
Ad5 29045 29045 1
Ad5 29048 29048 1
Ad5 29050 29050 1
Ad5 29051 29051 1
Ad5 29052 29052 1
Ad5 29053 29053 2
Ad5 29054 29054 3
Ad5 29059 29059 1
Ad5 29061 29061 1
Ad5 29062 29062 2
Ad5 29063 29063 1
Ad5 29064 29064 1
Ad5 29065 29065 2
Ad5 29066 29066 2
Ad5 29067 29067 1
Ad5 29068 29068 3
Ad5 29069 29069 1
Ad5 29070 29070 1
Ad5 29073 29073 1
Ad5 29077 29077 4
Ad5 29078 29078 1
Ad5 29079 29079 1
Ad5 29083 29083 1
Ad5 29084 29084 1
Ad5 29089 29089 1
Ad5 29094 29094 1
Ad5 29096 29096 1
Ad5 29098 29098 1
Ad5 29100 29100 1
Ad5 29101 29101 1
Ad5 29102 29102 1
Ad5 29103 29103 1
Ad5 29105 29105 2
Ad5 29109 29109 2
Ad5 29111 29111 1
Ad5 29112 29112 2
Ad5 29120 29120 2
Ad5 29121 29121 1
Ad5 29123 29123 3
Ad5 29125 29125 2
Ad5 29126 29126 1
Ad5 29134 29134 2
Ad5 29140 29140 2
Ad5 29142 29142 4
Ad5 29144 29144 3
Ad5 29145 29145 1
Ad5 29146 29146 1
Ad5 29148 29148 2
Ad5 29150 29150 2
Ad5 29151 29151 3
Ad5 29154 29154 1
Ad5 29155 29155 1
Ad5 29163 29163 1
Ad5 29164 29164 1
Ad5 29165 29165 4
Ad5 29166 29166 1
Ad5 29167 29167 1
Ad5 29170 29170 1
Ad5 29173 29173 2
Ad5 29176 29176 3
Ad5 29178 29178 3
Ad5 29179 29179 2
Ad5 29181 29181 4
Ad5 29182 29182 1
Ad5 29185 29185 1
Ad5 29186 29186 2
Ad5 29187 29187 2
Ad5 29190 29190 2
Ad5 29191 29191 2
Ad5 29192 29192 1
Ad5 29193 29193 1
Ad5 29195 29195 1
Ad5 29199 29199 1
Ad5 29200 29200 1
Ad5 29201 29201 1
Ad5 29205 29205 1
Ad5 29206 29206 2
Ad5 29208 29208 1
Ad5 29212 29212 1
Ad5 29221 29221 1
Ad5 29222 29222 2
Ad5 29223 29223 1
Ad5 29224 29224 1
Ad5 29225 29225 3
Ad5 29226 29226 1
Ad5 29230 29230 1
Ad5 29231 29231 3
Ad5 29232 29232 1
Ad5 29235 29235 1
Ad5 29236 29236 1
Ad5 29242 29242 1
Ad5 29244 29244 2
Ad5 29245 29245 1
Ad5 29247 29247 5
Ad5 29248 29248 2
Ad5 29254 29254 1
Ad5 29257 29257 1
Ad5 29258 29258 1
Ad5 29259 29259 2
Ad5 29263 29263 1
Ad5 29264 29264 1
Ad5 29266 29266 1
Ad5 29268 29268 1
Ad5 29271 29271 4
Ad5 29273 29273 1
Ad5 29276 29276 3
Ad5 29280 29280 1
Ad5 29282 29282 3
Ad5 29283 29283 3
Ad5 29284 29284 1
Ad5 29291 29291 1
Ad5 29292 29292 2
Ad5 29294 29294 1
Ad5 29295 29295 1
Ad5 29296 29296 1
Ad5 29297 29297 1
Ad5 29303 29303 1
Ad5 29307 29307 1
Ad5 29311 29311 1
Ad5 29313 29313 1
Ad5 29316 29316 1
Ad5 29317 29317 1
Ad5 29318 29318 2
Ad5 29321 29321 1
Ad5 29323 29323 3
Ad5 29326 29326 1
Ad5 29327 29327 1
Ad5 29328 29328 1
Ad5 29331 29331 2
Ad5 29336 29336 1
Ad5 29337 29337 1
Ad5 29339 29339 1
Ad5 29340 29340 1
Ad5 29341 29341 1
Ad5 29342 29342 2
Ad5 29346 29346 1
Ad5 29349 29349 2
Ad5 29350 29350 2
Ad5 29353 29353 1
Ad5 29358 29358 2
Ad5 29364 29364 3
Ad5 29366 29366 2
Ad5 29367 29367 2
Ad5 29368 29368 1
Ad5 29370 29370 1
Ad5 29372 29372 1
Ad5 29374 29374 2
Ad5 29376 29376 1
Ad5 29377 29377 2
Ad5 29378 29378 2
Ad5 29381 29381 11
Ad5 29382 29382 4
Ad5 29384 29384 1
Ad5 29385 29385 1
Ad5 29386 29386 2
Ad5 29387 29387 4
Ad5 29388 29388 1
Ad5 29389 29389 1
Ad5 29392 29392 1
Ad5 29393 29393 3
Ad5 29394 29394 11
Ad5 29395 29395 3
Ad5 29396 29396 1
Ad5 29397 29397 2
Ad5 29398 29398 2
Ad5 29400 29400 2
Ad5 29401 29401 3
Ad5 29402 29402 2
Ad5 29405 29405 2
Ad5 29406 29406 3
Ad5 29407 29407 1
Ad5 29408 29408 1
Ad5 29409 29409 1
Ad5 29410 29410 2
Ad5 29411 29411 1
Ad5 29412 29412 1
Ad5 29414 29414 2
Ad5 29416 29416 1
Ad5 29417 29417 1
Ad5 29418 29418 1
Ad5 29422 29422 2
Ad5 29423 29423 1
Ad5 29428 29428 4
Ad5 29429 29429 2
Ad5 29430 29430 1
Ad5 29431 29431 3
Ad5 29434 29434 1
Ad5 29436 29436 1
Ad5 29437 29437 1
Ad5 29441 29441 1
Ad5 29443 29443 2
Ad5 29445 29445 1
Ad5 29447 29447 1
Ad5 29448 29448 2
Ad5 29450 29450 1
Ad5 29451 29451 1
Ad5 29452 29452 3
Ad5 29453 29453 1
Ad5 29457 29457 5
Ad5 29458 29458 2
Ad5 29460 29460 1
Ad5 29462 29462 1
Ad5 29464 29464 1
Ad5 29465 29465 1
Ad5 29467 29467 3
Ad5 29468 29468 2
Ad5 29469 29469 3
Ad5 29470 29470 4
Ad5 29473 29473 1
Ad5 29474 29474 1
Ad5 29475 29475 4
Ad5 29479 29479 1
Ad5 29481 29481 1
Ad5 29483 29483 2
Ad5 29486 29486 5
Ad5 29487 29487 1
Ad5 29488 29488 1
Ad5 29496 29496 2
Ad5 29498 29498 1
Ad5 29499 29499 1
Ad5 29503 29503 2
Ad5 29509 29509 1
Ad5 29510 29510 1
Ad5 29511 29511 2
Ad5 29512 29512 1
Ad5 29513 29513 3
Ad5 29514 29514 1
Ad5 29517 29517 1
Ad5 29519 29519 1
Ad5 29522 29522 1
Ad5 29527 29527 1
Ad5 29528 29528 1
Ad5 29533 29533 1
Ad5 29534 29534 2
Ad5 29535 29535 1
Ad5 29537 29537 1
Ad5 29538 29538 1
Ad5 29539 29539 1
Ad5 29540 29540 3
Ad5 29541 29541 5
Ad5 29543 29543 2
Ad5 29546 29546 3
Ad5 29547 29547 1
Ad5 29548 29548 1
Ad5 29557 29557 1
Ad5 29558 29558 3
Ad5 29560 29560 2
Ad5 29561 29561 1
Ad5 29570 29570 1
Ad5 29573 29573 1
Ad5 29574 29574 2
Ad5 29575 29575 1
Ad5 29576 29576 2
Ad5 29577 29577 4
Ad5 29578 29578 1
Ad5 29579 29579 1
Ad5 29580 29580 1
Ad5 29581 29581 1
Ad5 29583 29583 1
Ad5 29584 29584 2
Ad5 29585 29585 1
Ad5 29588 29588 1
Ad5 29590 29590 1
Ad5 29591 29591 3
Ad5 29593 29593 1
Ad5 29595 29595 1
Ad5 29597 29597 1
Ad5 29600 29600 1
Ad5 29601 29601 1
Ad5 29603 29603 1
Ad5 29604 29604 1
Ad5 29605 29605 2
Ad5 29607 29607 2
Ad5 29610 29610 1
Ad5 29614 29614 1
Ad5 29615 29615 1
Ad5 29617 29617 1
Ad5 29620 29620 1
Ad5 29623 29623 1
Ad5 29624 29624 1
Ad5 29625 29625 1
Ad5 29626 29626 1
Ad5 29630 29630 1
Ad5 29642 29642 2
Ad5 29643 29643 1
Ad5 29644 29644 3
Ad5 29645 29645 3
Ad5 29646 29646 4
Ad5 29649 29649 3
Ad5 29651 29651 1
Ad5 29656 29656 1
Ad5 29659 29659 2
Ad5 29661 29661 2
Ad5 29665 29665 1
Ad5 29666 29666 1
Ad5 29676 29676 1
Ad5 29677 29677 1
Ad5 29682 29682 1
Ad5 29683 29683 2
Ad5 29684 29684 1
Ad5 29695 29695 1
Ad5 29696 29696 1
Ad5 29701 29701 3
Ad5 29705 29705 3
Ad5 29711 29711 1
Ad5 29726 29726 1
Ad5 29727 29727 1
Ad5 29730 29730 1
Ad5 29743 29743 1
Ad5 29760 29760 1
Ad5 29762 29762 2
Ad5 29764 29764 1
Ad5 29766 29766 1
Ad5 29767 29767 1
Ad5 29768 29768 1
Ad5 29776 29776 1
Ad5 29785 29785 2
Ad5 29786 29786 1
Ad5 29796 29796 1
Ad5 29797 29797 1
Ad5 29813 29813 1
Ad5 29816 29816 1
Ad5 29818 29818 2
Ad5 29822 29822 1
Ad5 29832 29832 1
Ad5 29840 29840 1
Ad5 29843 29843 1
Ad5 29844 29844 1
Ad5 29862 29862 1
Ad5 29866 29866 1
Ad5 29867 29867 1
Ad5 29870 29870 1
Ad5 29873 29873 2
Ad5 29875 29875 1
Ad5 29877 29877 2
Ad5 29879 29879 1
Ad5 29881 29881 1
Ad5 29890 29890 1
Ad5 29904 29904 1
Ad5 29916 29916 1
Ad5 29919 29919 1
Ad5 29920 29920 2
Ad5 29921 29921 1
Ad5 29946 29946 1
Ad5 29948 29948 1
Ad5 29950 29950 1
Ad5 29953 29953 1
Ad5 29954 29954 1
Ad5 29960 29960 1
Ad5 29962 29962 1
Ad5 29964 29964 1
Ad5 29971 29971 1
Ad5 29975 29975 1
Ad5 29976 29976 1
Ad5 30101 30101 1
Ad5 30159 30159 1
Ad5 30168 30168 1
Ad5 30172 30172 1
Ad5 30210 30210 1
Ad5 30234 30234 1
Ad5 30251 30251 1
Ad5 30255 30255 1
Ad5 30291 30291 1
Ad5 30298 30298 1
Ad5 30320 30320 1
Ad5 30333 30333 1
Ad5 30356 30356 1
Ad5 30388 30388 1
Ad5 30508 30508 1
Ad5 30579 30579 1
Ad5 30611 30611 1
Ad5 30623 30623 1
Ad5 30748 30748 1
Ad5 30749 30749 1
Ad5 30750 30750 13
Ad5 30753 30753 1
Ad5 30756 30756 1
Ad5 30759 30759 1
Ad5 30760 30760 5
Ad5 30761 30761 3
Ad5 30762 30762 11
Ad5 30763 30763 5
Ad5 30764 30764 20
Ad5 30765 30765 5
Ad5 30766 30766 6
Ad5 30767 30767 18
Ad5 30768 30768 5
Ad5 30769 30769 5
Ad5 30770 30770 4
Ad5 30771 30771 1
Ad5 30772 30772 1
Ad5 30777 30777 1
Ad5 30788 30788 1
Ad5 30790 30790 1
Ad5 30791 30791 1
Ad5 30794 30794 1
Ad5 30796 30796 3
Ad5 30797 30797 1
Ad5 30799 30799 1
Ad5 30805 30805 1
Ad5 30806 30806 2
Ad5 30807 30807 2
Ad5 30809 30809 2
Ad5 30813 30813 1
Ad5 30817 30817 1
Ad5 30827 30827 1
Ad5 30832 30832 1
Ad5 30833 30833 1
Ad5 30844 30844 1
Ad5 30849 30849 1
Ad5 30868 30868 1
Ad5 30869 30869 1
Ad5 30874 30874 1
Ad5 30877 30877 1
Ad5 30880 30880 2
Ad5 30882 30882 1
Ad5 30883 30883 1
Ad5 30884 30884 1
Ad5 30885 30885 1
Ad5 30888 30888 1
Ad5 30890 30890 2
Ad5 30913 30913 1
Ad5 30914 30914 1
Ad5 30915 30915 1
Ad5 30922 30922 3
Ad5 30925 30925 1
Ad5 30926 30926 1
Ad5 30931 30931 2
Ad5 30932 30932 1
Ad5 30943 30943 1
Ad5 30966 30966 1
Ad5 30973 30973 1
Ad5 30982 30982 1
Ad5 30986 30986 1
Ad5 30997 30997 1
Ad5 30998 30998 1
Ad5 31002 31002 1
Ad5 31003 31003 1
Ad5 31011 31011 1
Ad5 31017 31017 1
Ad5 31021 31021 2
Ad5 31025 31025 1
Ad5 31026 31026 3
Ad5 31031 31031 1
Ad5 31032 31032 2
Ad5 31034 31034 74
Ad5 31035 31035 12
Ad5 31036 31036 7
Ad5 31037 31037 12
Ad5 31038 31038 30
Ad5 31039 31039 648
Ad5 31040 31040 139
Ad5 31041 31041 8
Ad5 31042 31042 3
Ad5 31043 31043 30
Ad5 31044 31044 1
Ad5 31045 31045 1
Ad5 31046 31046 16
Ad5 31047 31047 4
Ad5 31048 31048 35
Ad5 31049 31049 5
Ad5 31050 31050 25
Ad5 31051 31051 7
Ad5 31052 31052 12
Ad5 31053 31053 36
Ad5 31054 31054 12
Ad5 31055 31055 4
Ad5 31056 31056 3
Ad5 31057 31057 8
Ad5 31058 31058 3
Ad5 31059 31059 3
Ad5 31060 31060 9
Ad5 31061 31061 23
Ad5 31062 31062 33
Ad5 31063 31063 7
Ad5 31064 31064 9
Ad5 31065 31065 11
Ad5 31066 31066 8
Ad5 31067 31067 5
Ad5 31068 31068 1
Ad5 31069 31069 4
Ad5 31071 31071 5
Ad5 31072 31072 10
Ad5 31073 31073 13
Ad5 31074 31074 3
Ad5 31075 31075 2
Ad5 31077 31077 5
Ad5 31079 31079 1
Ad5 31080 31080 1
Ad5 31081 31081 5
Ad5 31082 31082 4
Ad5 31083 31083 2
Ad5 31084 31084 2
Ad5 31085 31085 3
Ad5 31086 31086 3
Ad5 31088 31088 2
Ad5 31089 31089 6
Ad5 31090 31090 6
Ad5 31091 31091 2
Ad5 31092 31092 9
Ad5 31093 31093 4
Ad5 31094 31094 3
Ad5 31095 31095 5
Ad5 31096 31096 8
Ad5 31097 31097 5
Ad5 31098 31098 9
Ad5 31099 31099 2
Ad5 31100 31100 8
Ad5 31101 31101 12
Ad5 31102 31102 3
Ad5 31103 31103 3
Ad5 31104 31104 6
Ad5 31105 31105 1
Ad5 31106 31106 3
Ad5 31107 31107 5
Ad5 31109 31109 9
Ad5 31110 31110 1
Ad5 31111 31111 5
Ad5 31112 31112 1
Ad5 31113 31113 2
Ad5 31114 31114 2
Ad5 31115 31115 3
Ad5 31116 31116 7
Ad5 31117 31117 1
Ad5 31118 31118 1
Ad5 31121 31121 1
Ad5 31122 31122 2
Ad5 31123 31123 3
Ad5 31124 31124 1
Ad5 31125 31125 4
Ad5 31126 31126 7
Ad5 31127 31127 3
Ad5 31128 31128 1
Ad5 31129 31129 2
Ad5 31130 31130 3
Ad5 31131 31131 2
Ad5 31132 31132 6
Ad5 31133 31133 6
Ad5 31134 31134 2
Ad5 31135 31135 9
Ad5 31136 31136 1
Ad5 31137 31137 1
Ad5 31138 31138 6
Ad5 31139 31139 5
Ad5 31140 31140 5
Ad5 31141 31141 1
Ad5 31142 31142 2
Ad5 31144 31144 1
Ad5 31145 31145 4
Ad5 31146 31146 7
Ad5 31147 31147 1
Ad5 31149 31149 4
Ad5 31152 31152 4
Ad5 31153 31153 12
Ad5 31154 31154 4
Ad5 31155 31155 4
Ad5 31156 31156 6
Ad5 31157 31157 2
Ad5 31159 31159 3
Ad5 31160 31160 17
Ad5 31161 31161 4
Ad5 31162 31162 36
Ad5 31163 31163 8
Ad5 31164 31164 1
Ad5 31167 31167 1
Ad5 31168 31168 16
Ad5 31169 31169 7
Ad5 31170 31170 2
Ad5 31172 31172 1
Ad5 31174 31174 13
Ad5 31175 31175 6
Ad5 31178 31178 4
Ad5 31180 31180 2
Ad5 31181 31181 7
Ad5 31182 31182 1
Ad5 31183 31183 17
Ad5 31184 31184 8
Ad5 31185 31185 8
Ad5 31186 31186 23
Ad5 31187 31187 6
Ad5 31188 31188 4
Ad5 31189 31189 12
Ad5 31190 31190 6
Ad5 31192 31192 2
Ad5 31193 31193 4
Ad5 31194 31194 2
Ad5 31195 31195 6
Ad5 31196 31196 5
Ad5 31197 31197 2
Ad5 31198 31198 3
Ad5 31200 31200 3
Ad5 31203 31203 1
Ad5 31204 31204 5
Ad5 31205 31205 4
Ad5 31206 31206 4
Ad5 31207 31207 2
Ad5 31208 31208 1
Ad5 31211 31211 3
Ad5 31212 31212 1
Ad5 31213 31213 9
Ad5 31214 31214 4
Ad5 31215 31215 6
Ad5 31216 31216 4
Ad5 31217 31217 5
Ad5 31218 31218 1
Ad5 31219 31219 5
Ad5 31220 31220 1
Ad5 31221 31221 3
Ad5 31223 31223 3
Ad5 31224 31224 2
Ad5 31225 31225 4
Ad5 31226 31226 6
Ad5 31227 31227 5
Ad5 31228 31228 1
Ad5 31229 31229 6
Ad5 31231 31231 1
Ad5 31233 31233 6
Ad5 31234 31234 14
Ad5 31235 31235 9
Ad5 31237 31237 6
Ad5 31238 31238 5
Ad5 31239 31239 11
Ad5 31240 31240 5
Ad5 31241 31241 3
Ad5 31242 31242 5
Ad5 31243 31243 2
Ad5 31244 31244 1
Ad5 31245 31245 2
Ad5 31246 31246 1
Ad5 31250 31250 5
Ad5 31251 31251 3
Ad5 31252 31252 16
Ad5 31253 31253 13
Ad5 31254 31254 25
Ad5 31255 31255 25
Ad5 31256 31256 8
Ad5 31257 31257 7
Ad5 31258 31258 1
Ad5 31261 31261 7
Ad5 31262 31262 6
Ad5 31263 31263 5
Ad5 31264 31264 4
Ad5 31265 31265 2
Ad5 31266 31266 2
Ad5 31267 31267 10
Ad5 31268 31268 2
Ad5 31269 31269 4
Ad5 31271 31271 1
Ad5 31273 31273 4
Ad5 31275 31275 1
Ad5 31278 31278 3
Ad5 31279 31279 3
Ad5 31280 31280 2
Ad5 31282 31282 2
Ad5 31283 31283 6
Ad5 31284 31284 5
Ad5 31285 31285 9
Ad5 31286 31286 3
Ad5 31287 31287 6
Ad5 31289 31289 3
Ad5 31292 31292 3
Ad5 31293 31293 14
Ad5 31294 31294 8
Ad5 31295 31295 3
Ad5 31296 31296 6
Ad5 31297 31297 7
Ad5 31298 31298 5
Ad5 31299 31299 6
Ad5 31300 31300 2
Ad5 31301 31301 5
Ad5 31302 31302 1
Ad5 31303 31303 1
Ad5 31304 31304 2
Ad5 31305 31305 12
Ad5 31306 31306 1
Ad5 31307 31307 4
Ad5 31308 31308 2
Ad5 31311 31311 6
Ad5 31312 31312 12
Ad5 31313 31313 17
Ad5 31314 31314 25
Ad5 31315 31315 3
Ad5 31316 31316 1
Ad5 31317 31317 5
Ad5 31319 31319 3
Ad5 31320 31320 3
Ad5 31321 31321 6
Ad5 31322 31322 5
Ad5 31323 31323 3
Ad5 31324 31324 3
Ad5 31325 31325 17
Ad5 31326 31326 2
Ad5 31327 31327 2
Ad5 31328 31328 4
Ad5 31329 31329 3
Ad5 31330 31330 20
Ad5 31331 31331 32
Ad5 31332 31332 4
Ad5 31333 31333 8
Ad5 31334 31334 10
Ad5 31335 31335 7
Ad5 31337 31337 3
Ad5 31338 31338 7
Ad5 31339 31339 1
Ad5 31340 31340 9
Ad5 31341 31341 4
Ad5 31342 31342 4
Ad5 31343 31343 4
Ad5 31344 31344 1
Ad5 31345 31345 3
Ad5 31346 31346 5
Ad5 31347 31347 1
Ad5 31348 31348 2
Ad5 31350 31350 1
Ad5 31352 31352 1
Ad5 31353 31353 2
Ad5 31354 31354 3
Ad5 31355 31355 10
Ad5 31356 31356 2
Ad5 31357 31357 13
Ad5 31358 31358 6
Ad5 31359 31359 19
Ad5 31360 31360 4
Ad5 31361 31361 1
Ad5 31364 31364 1
Ad5 31365 31365 3
Ad5 31366 31366 13
Ad5 31367 31367 26
Ad5 31368 31368 7
Ad5 31369 31369 7
Ad5 31370 31370 1
Ad5 31371 31371 4
Ad5 31372 31372 3
Ad5 31373 31373 4
Ad5 31376 31376 10
Ad5 31377 31377 3
Ad5 31378 31378 2
Ad5 31379 31379 3
Ad5 31380 31380 7
Ad5 31381 31381 16
Ad5 31382 31382 3
Ad5 31383 31383 2
Ad5 31384 31384 1
Ad5 31385 31385 2
Ad5 31386 31386 1
Ad5 31387 31387 2
Ad5 31388 31388 6
Ad5 31389 31389 1
Ad5 31390 31390 1
Ad5 31391 31391 1
Ad5 31392 31392 1
Ad5 31393 31393 2
Ad5 31394 31394 5
Ad5 31395 31395 3
Ad5 31396 31396 3
Ad5 31397 31397 1
Ad5 31398 31398 5
Ad5 31399 31399 15
Ad5 31400 31400 6
Ad5 31401 31401 2
Ad5 31402 31402 6
Ad5 31403 31403 3
Ad5 31404 31404 2
Ad5 31405 31405 3
Ad5 31408 31408 9
Ad5 31409 31409 3
Ad5 31410 31410 4
Ad5 31411 31411 7
Ad5 31412 31412 4
Ad5 31413 31413 6
Ad5 31414 31414 1
Ad5 31416 31416 3
Ad5 31417 31417 1
Ad5 31420 31420 4
Ad5 31421 31421 7
Ad5 31422 31422 25
Ad5 31423 31423 3
Ad5 31424 31424 9
Ad5 31425 31425 5
Ad5 31426 31426 4
Ad5 31427 31427 7
Ad5 31428 31428 3
Ad5 31429 31429 2
Ad5 31432 31432 12
Ad5 31433 31433 7
Ad5 31434 31434 25
Ad5 31435 31435 5
Ad5 31436 31436 7
Ad5 31438 31438 2
Ad5 31439 31439 10
Ad5 31440 31440 1
Ad5 31441 31441 5
Ad5 31442 31442 2
Ad5 31443 31443 1
Ad5 31445 31445 7
Ad5 31446 31446 4
Ad5 31447 31447 2
Ad5 31448 31448 12
Ad5 31449 31449 7
Ad5 31450 31450 6
Ad5 31451 31451 7
Ad5 31452 31452 10
Ad5 31453 31453 3
Ad5 31454 31454 17
Ad5 31455 31455 4
Ad5 31456 31456 2
Ad5 31457 31457 2
Ad5 31458 31458 6
Ad5 31459 31459 4
Ad5 31460 31460 7
Ad5 31461 31461 9
Ad5 31462 31462 1
Ad5 31463 31463 3
Ad5 31464 31464 1
Ad5 31465 31465 10
Ad5 31466 31466 6
Ad5 31467 31467 4
Ad5 31468 31468 5
Ad5 31469 31469 6
Ad5 31470 31470 2
Ad5 31471 31471 4
Ad5 31472 31472 3
Ad5 31473 31473 1
Ad5 31474 31474 5
Ad5 31475 31475 1
Ad5 31476 31476 6
Ad5 31477 31477 23
Ad5 31478 31478 25
Ad5 31479 31479 2
Ad5 31480 31480 4
Ad5 31481 31481 10
Ad5 31482 31482 3
Ad5 31483 31483 2
Ad5 31484 31484 3
Ad5 31486 31486 1
Ad5 31488 31488 1
Ad5 31490 31490 25
Ad5 31491 31491 7
Ad5 31492 31492 13
Ad5 31493 31493 5
Ad5 31494 31494 3
Ad5 31495 31495 3
Ad5 31496 31496 4
Ad5 31497 31497 3
Ad5 31498 31498 3
Ad5 31499 31499 8
Ad5 31500 31500 2
Ad5 31501 31501 4
Ad5 31503 31503 5
Ad5 31504 31504 6
Ad5 31505 31505 3
Ad5 31506 31506 5
Ad5 31507 31507 3
Ad5 31508 31508 3
Ad5 31509 31509 3
Ad5 31510 31510 9
Ad5 31511 31511 3
Ad5 31512 31512 5
Ad5 31513 31513 9
Ad5 31514 31514 5
Ad5 31515 31515 1
Ad5 31516 31516 3
Ad5 31517 31517 4
Ad5 31518 31518 4
Ad5 31519 31519 2
Ad5 31520 31520 2
Ad5 31521 31521 8
Ad5 31522 31522 2
Ad5 31523 31523 1
Ad5 31524 31524 3
Ad5 31525 31525 1
Ad5 31526 31526 2
Ad5 31527 31527 2
Ad5 31534 31534 2
Ad5 31536 31536 3
Ad5 31537 31537 6
Ad5 31538 31538 3
Ad5 31539 31539 10
Ad5 31540 31540 13
Ad5 31541 31541 4
Ad5 31542 31542 1
Ad5 31543 31543 3
Ad5 31544 31544 14
Ad5 31545 31545 3
Ad5 31546 31546 8
Ad5 31547 31547 9
Ad5 31548 31548 7
Ad5 31549 31549 18
Ad5 31550 31550 1
Ad5 31551 31551 15
Ad5 31552 31552 3
Ad5 31553 31553 4
Ad5 31554 31554 1
Ad5 31555 31555 4
Ad5 31556 31556 2
Ad5 31557 31557 1
Ad5 31558 31558 1
Ad5 31560 31560 6
Ad5 31561 31561 1
Ad5 31562 31562 15
Ad5 31563 31563 1
Ad5 31565 31565 5
Ad5 31566 31566 1
Ad5 31567 31567 5
Ad5 31568 31568 10
Ad5 31569 31569 3
Ad5 31570 31570 1
Ad5 31573 31573 2
Ad5 31574 31574 1
Ad5 31575 31575 2
Ad5 31576 31576 9
Ad5 31577 31577 8
Ad5 31578 31578 2
Ad5 31581 31581 11
Ad5 31582 31582 4
Ad5 31583 31583 6
Ad5 31584 31584 1
Ad5 31585 31585 10
Ad5 31586 31586 5
Ad5 31587 31587 21
Ad5 31589 31589 15
Ad5 31590 31590 1
Ad5 31591 31591 1
Ad5 31592 31592 5
Ad5 31593 31593 5
Ad5 31594 31594 15
Ad5 31595 31595 12
Ad5 31596 31596 10
Ad5 31597 31597 24
Ad5 31598 31598 11
Ad5 31599 31599 5
Ad5 31600 31600 1
Ad5 31602 31602 12
Ad5 31603 31603 15
Ad5 31604 31604 9
Ad5 31605 31605 8
Ad5 31606 31606 7
Ad5 31607 31607 5
Ad5 31608 31608 7
Ad5 31609 31609 6
Ad5 31610 31610 12
Ad5 31611 31611 4
Ad5 31612 31612 1
Ad5 31613 31613 1
Ad5 31614 31614 8
Ad5 31615 31615 4
Ad5 31616 31616 4
Ad5 31617 31617 4
Ad5 31618 31618 14
Ad5 31619 31619 20
Ad5 31620 31620 2
Ad5 31621 31621 5
Ad5 31622 31622 3
Ad5 31623 31623 5
Ad5 31624 31624 1
Ad5 31625 31625 7
Ad5 31626 31626 1
Ad5 31627 31627 8
Ad5 31628 31628 4
Ad5 31629 31629 11
Ad5 31630 31630 3
Ad5 31631 31631 6
Ad5 31632 31632 9
Ad5 31633 31633 3
Ad5 31634 31634 2
Ad5 31635 31635 11
Ad5 31637 31637 6
Ad5 31638 31638 4
Ad5 31639 31639 2
Ad5 31640 31640 12
Ad5 31641 31641 4
Ad5 31642 31642 9
Ad5 31643 31643 1
Ad5 31644 31644 12
Ad5 31646 31646 1
Ad5 31647 31647 4
Ad5 31648 31648 8
Ad5 31649 31649 6
Ad5 31650 31650 4
Ad5 31651 31651 3
Ad5 31652 31652 1
Ad5 31653 31653 4
Ad5 31654 31654 9
Ad5 31655 31655 8
Ad5 31656 31656 11
Ad5 31657 31657 5
Ad5 31658 31658 3
Ad5 31659 31659 3
Ad5 31660 31660 5
Ad5 31662 31662 2
Ad5 31663 31663 18
Ad5 31664 31664 3
Ad5 31665 31665 3
Ad5 31666 31666 3
Ad5 31667 31667 8
Ad5 31668 31668 9
Ad5 31669 31669 1
Ad5 31670 31670 5
Ad5 31671 31671 4
Ad5 31672 31672 10
Ad5 31673 31673 9
Ad5 31674 31674 4
Ad5 31675 31675 12
Ad5 31677 31677 5
Ad5 31678 31678 2
Ad5 31679 31679 13
Ad5 31680 31680 1
Ad5 31681 31681 2
Ad5 31682 31682 22
Ad5 31683 31683 4
Ad5 31684 31684 5
Ad5 31686 31686 5
Ad5 31687 31687 8
Ad5 31688 31688 11
Ad5 31689 31689 1
Ad5 31690 31690 1
Ad5 31691 31691 11
Ad5 31692 31692 14
Ad5 31693 31693 2
Ad5 31694 31694 3
Ad5 31695 31695 2
Ad5 31697 31697 3
Ad5 31698 31698 4
Ad5 31699 31699 3
Ad5 31700 31700 1
Ad5 31701 31701 3
Ad5 31702 31702 2
Ad5 31703 31703 1
Ad5 31704 31704 16
Ad5 31705 31705 3
Ad5 31706 31706 9
Ad5 31707 31707 1
Ad5 31708 31708 3
Ad5 31709 31709 11
Ad5 31710 31710 6
Ad5 31711 31711 7
Ad5 31712 31712 27
Ad5 31713 31713 3
Ad5 31714 31714 3
Ad5 31715 31715 2
Ad5 31716 31716 5
Ad5 31717 31717 8
Ad5 31719 31719 2
Ad5 31720 31720 12
Ad5 31721 31721 3
Ad5 31722 31722 7
Ad5 31723 31723 6
Ad5 31724 31724 8
Ad5 31726 31726 1
Ad5 31727 31727 4
Ad5 31728 31728 8
Ad5 31729 31729 3
Ad5 31730 31730 5
Ad5 31732 31732 3
Ad5 31733 31733 2
Ad5 31734 31734 3
Ad5 31735 31735 1
Ad5 31736 31736 2
Ad5 31737 31737 1
Ad5 31738 31738 1
Ad5 31739 31739 3
Ad5 31740 31740 2
Ad5 31741 31741 11
Ad5 31742 31742 8
Ad5 31743 31743 9
Ad5 31744 31744 11
Ad5 31745 31745 5
Ad5 31746 31746 3
Ad5 31747 31747 14
Ad5 31750 31750 1
Ad5 31751 31751 8
Ad5 31752 31752 7
Ad5 31753 31753 5
Ad5 31754 31754 1
Ad5 31755 31755 1
Ad5 31756 31756 2
Ad5 31757 31757 9
Ad5 31758 31758 10
Ad5 31759 31759 8
Ad5 31760 31760 19
Ad5 31761 31761 8
Ad5 31762 31762 18
Ad5 31763 31763 13
Ad5 31764 31764 4
Ad5 31765 31765 2
Ad5 31766 31766 2
Ad5 31768 31768 8
Ad5 31769 31769 3
Ad5 31770 31770 13
Ad5 31771 31771 4
Ad5 31772 31772 8
Ad5 31773 31773 8
Ad5 31774 31774 8
Ad5 31776 31776 1
Ad5 31778 31778 2
Ad5 31779 31779 1
Ad5 31781 31781 10
Ad5 31782 31782 6
Ad5 31783 31783 2
Ad5 31784 31784 4
Ad5 31785 31785 7
Ad5 31786 31786 6
Ad5 31787 31787 4
Ad5 31788 31788 12
Ad5 31789 31789 3
Ad5 31790 31790 3
Ad5 31791 31791 5
Ad5 31792 31792 1
Ad5 31793 31793 3
Ad5 31794 31794 3
Ad5 31795 31795 4
Ad5 31796 31796 1
Ad5 31797 31797 1
Ad5 31798 31798 13
Ad5 31799 31799 3
Ad5 31800 31800 4
Ad5 31801 31801 7
Ad5 31802 31802 2
Ad5 31803 31803 3
Ad5 31804 31804 4
Ad5 31805 31805 3
Ad5 31806 31806 2
Ad5 31807 31807 1
Ad5 31808 31808 9
Ad5 31809 31809 6
Ad5 31810 31810 12
Ad5 31811 31811 7
Ad5 31812 31812 2
Ad5 31813 31813 6
Ad5 31814 31814 3
Ad5 31815 31815 4
Ad5 31816 31816 10
Ad5 31817 31817 6
Ad5 31818 31818 2
Ad5 31819 31819 14
Ad5 31820 31820 11
Ad5 31821 31821 8
Ad5 31822 31822 3
Ad5 31823 31823 1
Ad5 31824 31824 2
Ad5 31825 31825 3
Ad5 31826 31826 3
Ad5 31829 31829 10
Ad5 31830 31830 5
Ad5 31831 31831 4
Ad5 31832 31832 10
Ad5 31833 31833 4
Ad5 31836 31836 21
Ad5 31837 31837 7
Ad5 31838 31838 5
Ad5 31839 31839 1
Ad5 31840 31840 3
Ad5 31841 31841 3
Ad5 31842 31842 2
Ad5 31843 31843 6
Ad5 31844 31844 16
Ad5 31845 31845 4
Ad5 31846 31846 5
Ad5 31847 31847 5
Ad5 31848 31848 2
Ad5 31849 31849 8
Ad5 31850 31850 22
Ad5 31851 31851 3
Ad5 31852 31852 1
Ad5 31853 31853 2
Ad5 31854 31854 2
Ad5 31855 31855 3
Ad5 31856 31856 9
Ad5 31857 31857 8
Ad5 31858 31858 7
Ad5 31859 31859 4
Ad5 31860 31860 6
Ad5 31861 31861 4
Ad5 31862 31862 2
Ad5 31863 31863 3
Ad5 31864 31864 2
Ad5 31865 31865 2
Ad5 31866 31866 10
Ad5 31867 31867 5
Ad5 31868 31868 6
Ad5 31869 31869 2
Ad5 31870 31870 2
Ad5 31871 31871 1
Ad5 31872 31872 4
Ad5 31873 31873 1
Ad5 31874 31874 2
Ad5 31875 31875 6
Ad5 31876 31876 3
Ad5 31877 31877 9
Ad5 31879 31879 3
Ad5 31880 31880 2
Ad5 31881 31881 8
Ad5 31882 31882 2
Ad5 31883 31883 1
Ad5 31884 31884 1
Ad5 31885 31885 1
Ad5 31886 31886 4
Ad5 31887 31887 12
Ad5 31890 31890 2
Ad5 31891 31891 3
Ad5 31892 31892 5
Ad5 31893 31893 14
Ad5 31894 31894 3
Ad5 31895 31895 2
Ad5 31896 31896 5
Ad5 31897 31897 7
Ad5 31898 31898 12
Ad5 31899 31899 15
Ad5 31900 31900 3
Ad5 31901 31901 2
Ad5 31902 31902 10
Ad5 31903 31903 14
Ad5 31904 31904 5
Ad5 31905 31905 3
Ad5 31906 31906 1
Ad5 31908 31908 2
Ad5 31910 31910 2
Ad5 31911 31911 2
Ad5 31912 31912 3
Ad5 31913 31913 17
Ad5 31914 31914 22
Ad5 31915 31915 1
Ad5 31916 31916 12
Ad5 31917 31917 1
Ad5 31918 31918 11
Ad5 31919 31919 4
Ad5 31923 31923 9
Ad5 31924 31924 1
Ad5 31925 31925 14
Ad5 31926 31926 14
Ad5 31927 31927 16
Ad5 31928 31928 1
Ad5 31929 31929 9
Ad5 31930 31930 8
Ad5 31931 31931 21
Ad5 31932 31932 6
Ad5 31933 31933 5
Ad5 31934 31934 8
Ad5 31935 31935 29
Ad5 31936 31936 5
Ad5 31937 31937 2
Ad5 31938 31938 3
Ad5 31939 31939 2
Ad5 31940 31940 2
Ad5 31941 31941 8
Ad5 31942 31942 2
Ad5 31943 31943 3
Ad5 31944 31944 1
Ad5 31945 31945 4
Ad5 31946 31946 2
Ad5 31947 31947 15
Ad5 31948 31948 18
Ad5 31949 31949 6
Ad5 31950 31950 12
Ad5 31951 31951 7
Ad5 31952 31952 7
Ad5 31953 31953 3
Ad5 31954 31954 14
Ad5 31955 31955 7
Ad5 31956 31956 3
Ad5 31957 31957 1
Ad5 31958 31958 2
Ad5 31959 31959 1
Ad5 31961 31961 6
Ad5 31962 31962 16
Ad5 31963 31963 4
Ad5 31964 31964 2
Ad5 31965 31965 7
Ad5 31966 31966 7
Ad5 31967 31967 4
Ad5 31968 31968 1
Ad5 31969 31969 7
Ad5 31970 31970 8
Ad5 31971 31971 2
Ad5 31972 31972 2
Ad5 31973 31973 4
Ad5 31975 31975 5
Ad5 31976 31976 6
Ad5 31977 31977 7
Ad5 31978 31978 7
Ad5 31979 31979 9
Ad5 31980 31980 4
Ad5 31981 31981 3
Ad5 31982 31982 6
Ad5 31983 31983 9
Ad5 31984 31984 1
Ad5 31985 31985 1
Ad5 31986 31986 1
Ad5 31987 31987 1
Ad5 31988 31988 1
Ad5 31989 31989 1
Ad5 31990 31990 34
Ad5 31991 31991 12
Ad5 31992 31992 2
Ad5 31993 31993 5
Ad5 31995 31995 3
Ad5 31996 31996 6
Ad5 31997 31997 16
Ad5 31998 31998 2
Ad5 31999 31999 16
Ad5 32000 32000 14
Ad5 32001 32001 14
Ad5 32002 32002 5
Ad5 32003 32003 14
Ad5 32004 32004 1
Ad5 32005 32005 1
Ad5 32006 32006 6
Ad5 32007 32007 1
Ad5 32008 32008 6
Ad5 32009 32009 5
Ad5 32010 32010 8
Ad5 32011 32011 1
Ad5 32012 32012 6
Ad5 32013 32013 5
Ad5 32014 32014 5
Ad5 32015 32015 3
Ad5 32016 32016 3
Ad5 32017 32017 2
Ad5 32018 32018 1
Ad5 32020 32020 1
Ad5 32021 32021 14
Ad5 32022 32022 36
Ad5 32023 32023 9
Ad5 32024 32024 4
Ad5 32025 32025 5
Ad5 32026 32026 24
Ad5 32028 32028 2
Ad5 32030 32030 6
Ad5 32031 32031 9
Ad5 32032 32032 9
Ad5 32033 32033 8
Ad5 32034 32034 1
Ad5 32035 32035 6
Ad5 32037 32037 2
Ad5 32038 32038 1
Ad5 32039 32039 6
Ad5 32040 32040 3
Ad5 32041 32041 1
Ad5 32042 32042 3
Ad5 32043 32043 3
Ad5 32044 32044 1
Ad5 32045 32045 5
Ad5 32047 32047 8
Ad5 32048 32048 11
Ad5 32049 32049 10
Ad5 32050 32050 3
Ad5 32051 32051 7
Ad5 32052 32052 3
Ad5 32053 32053 1
Ad5 32054 32054 9
Ad5 32055 32055 9
Ad5 32056 32056 2
Ad5 32057 32057 7
Ad5 32058 32058 8
Ad5 32059 32059 3
Ad5 32060 32060 2
Ad5 32061 32061 14
Ad5 32062 32062 20
Ad5 32063 32063 11
Ad5 32064 32064 1
Ad5 32065 32065 3
Ad5 32066 32066 4
Ad5 32067 32067 10
Ad5 32068 32068 4
Ad5 32069 32069 1
Ad5 32070 32070 2
Ad5 32071 32071 21
Ad5 32072 32072 26
Ad5 32073 32073 15
Ad5 32074 32074 3
Ad5 32075 32075 3
Ad5 32076 32076 2
Ad5 32077 32077 13
Ad5 32078 32078 1
Ad5 32080 32080 1
Ad5 32081 32081 3
Ad5 32082 32082 1
Ad5 32083 32083 3
Ad5 32084 32084 6
Ad5 32085 32085 11
Ad5 32086 32086 2
Ad5 32087 32087 1
Ad5 32088 32088 6
Ad5 32089 32089 7
Ad5 32090 32090 3
Ad5 32091 32091 3
Ad5 32092 32092 5
Ad5 32093 32093 1
Ad5 32094 32094 26
Ad5 32096 32096 11
Ad5 32097 32097 8
Ad5 32098 32098 9
Ad5 32099 32099 1
Ad5 32100 32100 2
Ad5 32101 32101 14
Ad5 32102 32102 8
Ad5 32103 32103 12
Ad5 32105 32105 4
Ad5 32106 32106 5
Ad5 32107 32107 16
Ad5 32108 32108 5
Ad5 32111 32111 9
Ad5 32112 32112 13
Ad5 32113 32113 11
Ad5 32114 32114 2
Ad5 32115 32115 2
Ad5 32116 32116 3
Ad5 32117 32117 10
Ad5 32118 32118 11
Ad5 32119 32119 8
Ad5 32120 32120 5
Ad5 32121 32121 2
Ad5 32122 32122 7
Ad5 32123 32123 10
Ad5 32124 32124 3
Ad5 32125 32125 2
Ad5 32127 32127 2
Ad5 32128 32128 4
Ad5 32129 32129 16
Ad5 32130 32130 8
Ad5 32131 32131 3
Ad5 32132 32132 2
Ad5 32133 32133 7
Ad5 32134 32134 7
Ad5 32135 32135 31
Ad5 32136 32136 4
Ad5 32137 32137 2
Ad5 32138 32138 2
Ad5 32139 32139 2
Ad5 32140 32140 7
Ad5 32141 32141 5
Ad5 32142 32142 2
Ad5 32144 32144 3
Ad5 32145 32145 1
Ad5 32146 32146 3
Ad5 32147 32147 11
Ad5 32148 32148 6
Ad5 32149 32149 2
Ad5 32150 32150 5
Ad5 32151 32151 15
Ad5 32152 32152 9
Ad5 32153 32153 8
Ad5 32154 32154 7
Ad5 32156 32156 10
Ad5 32157 32157 2
Ad5 32158 32158 5
Ad5 32159 32159 3
Ad5 32160 32160 12
Ad5 32161 32161 5
Ad5 32162 32162 8
Ad5 32163 32163 7
Ad5 32164 32164 2
Ad5 32165 32165 3
Ad5 32166 32166 5
Ad5 32167 32167 3
Ad5 32169 32169 3
Ad5 32170 32170 7
Ad5 32171 32171 10
Ad5 32172 32172 21
Ad5 32173 32173 6
Ad5 32174 32174 2
Ad5 32175 32175 5
Ad5 32176 32176 2
Ad5 32177 32177 7
Ad5 32178 32178 5
Ad5 32179 32179 1
Ad5 32180 32180 2
Ad5 32181 32181 2
Ad5 32182 32182 2
Ad5 32183 32183 2
Ad5 32184 32184 8
Ad5 32185 32185 5
Ad5 32186 32186 3
Ad5 32187 32187 12
Ad5 32188 32188 8
Ad5 32189 32189 5
Ad5 32190 32190 6
Ad5 32191 32191 2
Ad5 32192 32192 3
Ad5 32193 32193 3
Ad5 32194 32194 6
Ad5 32195 32195 3
Ad5 32196 32196 5
Ad5 32197 32197 13
Ad5 32198 32198 6
Ad5 32199 32199 27
Ad5 32200 32200 6
Ad5 32201 32201 6
Ad5 32202 32202 5
Ad5 32203 32203 4
Ad5 32204 32204 5
Ad5 32205 32205 1
Ad5 32206 32206 4
Ad5 32207 32207 10
Ad5 32208 32208 8
Ad5 32209 32209 7
Ad5 32210 32210 4
Ad5 32211 32211 2
Ad5 32212 32212 5
Ad5 32214 32214 8
Ad5 32215 32215 16
Ad5 32216 32216 6
Ad5 32217 32217 3
Ad5 32218 32218 3
Ad5 32219 32219 9
Ad5 32220 32220 8
Ad5 32221 32221 10
Ad5 32222 32222 8
Ad5 32223 32223 12
Ad5 32224 32224 4
Ad5 32225 32225 4
Ad5 32226 32226 7
Ad5 32227 32227 2
Ad5 32228 32228 3
Ad5 32229 32229 6
Ad5 32230 32230 4
Ad5 32231 32231 1
Ad5 32232 32232 4
Ad5 32233 32233 5
Ad5 32234 32234 7
Ad5 32236 32236 8
Ad5 32237 32237 10
Ad5 32238 32238 1
Ad5 32239 32239 1
Ad5 32240 32240 6
Ad5 32241 32241 5
Ad5 32242 32242 3
Ad5 32243 32243 2
Ad5 32244 32244 4
Ad5 32245 32245 1
Ad5 32246 32246 1
Ad5 32247 32247 1
Ad5 32248 32248 3
Ad5 32249 32249 11
Ad5 32250 32250 15
Ad5 32251 32251 10
Ad5 32252 32252 26
Ad5 32253 32253 10
Ad5 32254 32254 17
Ad5 32255 32255 5
Ad5 32256 32256 2
Ad5 32257 32257 2
Ad5 32258 32258 12
Ad5 32259 32259 1
Ad5 32260 32260 4
Ad5 32261 32261 3
Ad5 32262 32262 2
Ad5 32263 32263 3
Ad5 32264 32264 13
Ad5 32265 32265 5
Ad5 32266 32266 5
Ad5 32267 32267 5
Ad5 32268 32268 6
Ad5 32270 32270 7
Ad5 32271 32271 8
Ad5 32272 32272 3
Ad5 32273 32273 4
Ad5 32274 32274 4
Ad5 32275 32275 6
Ad5 32277 32277 1
Ad5 32278 32278 10
Ad5 32279 32279 8
Ad5 32280 32280 8
Ad5 32281 32281 1
Ad5 32282 32282 1
Ad5 32283 32283 2
Ad5 32284 32284 2
Ad5 32285 32285 20
Ad5 32286 32286 17
Ad5 32287 32287 12
Ad5 32288 32288 2
Ad5 32289 32289 4
Ad5 32290 32290 6
Ad5 32291 32291 24
Ad5 32292 32292 4
Ad5 32293 32293 2
Ad5 32294 32294 2
Ad5 32295 32295 7
Ad5 32296 32296 1
Ad5 32297 32297 6
Ad5 32298 32298 2
Ad5 32299 32299 2
Ad5 32300 32300 1
Ad5 32302 32302 4
Ad5 32303 32303 5
Ad5 32304 32304 9
Ad5 32305 32305 1
Ad5 32306 32306 9
Ad5 32307 32307 7
Ad5 32308 32308 4
Ad5 32309 32309 2
Ad5 32310 32310 2
Ad5 32312 32312 2
Ad5 32313 32313 11
Ad5 32314 32314 7
Ad5 32315 32315 4
Ad5 32316 32316 1
Ad5 32317 32317 5
Ad5 32318 32318 9
Ad5 32319 32319 11
Ad5 32320 32320 1
Ad5 32321 32321 1
Ad5 32322 32322 1
Ad5 32323 32323 3
Ad5 32324 32324 5
Ad5 32326 32326 8
Ad5 32327 32327 1
Ad5 32328 32328 10
Ad5 32329 32329 4
Ad5 32330 32330 1
Ad5 32331 32331 3
Ad5 32332 32332 29
Ad5 32333 32333 10
Ad5 32334 32334 3
Ad5 32335 32335 8
Ad5 32336 32336 2
Ad5 32338 32338 13
Ad5 32339 32339 5
Ad5 32340 32340 1
Ad5 32342 32342 11
Ad5 32343 32343 3
Ad5 32344 32344 2
Ad5 32345 32345 4
Ad5 32346 32346 2
Ad5 32347 32347 3
Ad5 32348 32348 4
Ad5 32349 32349 6
Ad5 32350 32350 2
Ad5 32351 32351 8
Ad5 32352 32352 3
Ad5 32353 32353 3
Ad5 32354 32354 13
Ad5 32355 32355 12
Ad5 32357 32357 1
Ad5 32358 32358 2
Ad5 32360 32360 3
Ad5 32361 32361 1
Ad5 32363 32363 10
Ad5 32364 32364 4
Ad5 32365 32365 3
Ad5 32366 32366 12
Ad5 32367 32367 5
Ad5 32368 32368 13
Ad5 32369 32369 1
Ad5 32370 32370 12
Ad5 32371 32371 6
Ad5 32372 32372 2
Ad5 32373 32373 3
Ad5 32374 32374 6
Ad5 32375 32375 3
Ad5 32376 32376 5
Ad5 32377 32377 4
Ad5 32378 32378 9
Ad5 32380 32380 6
Ad5 32381 32381 11
Ad5 32382 32382 6
Ad5 32383 32383 3
Ad5 32386 32386 3
Ad5 32387 32387 12
Ad5 32388 32388 2
Ad5 32389 32389 4
Ad5 32390 32390 1
Ad5 32391 32391 1
Ad5 32393 32393 2
Ad5 32394 32394 1
Ad5 32395 32395 4
Ad5 32396 32396 1
Ad5 32398 32398 4
Ad5 32399 32399 11
Ad5 32400 32400 5
Ad5 32401 32401 14
Ad5 32403 32403 1
Ad5 32404 32404 3
Ad5 32405 32405 4
Ad5 32406 32406 3
Ad5 32407 32407 4
Ad5 32408 32408 5
Ad5 32409 32409 8
Ad5 32410 32410 19
Ad5 32411 32411 3
Ad5 32412 32412 1
Ad5 32413 32413 1
Ad5 32414 32414 7
Ad5 32415 32415 5
Ad5 32416 32416 2
Ad5 32417 32417 5
Ad5 32418 32418 7
Ad5 32419 32419 2
Ad5 32420 32420 2
Ad5 32421 32421 1
Ad5 32422 32422 3
Ad5 32423 32423 1
Ad5 32424 32424 2
Ad5 32425 32425 5
Ad5 32427 32427 3
Ad5 32428 32428 13
Ad5 32429 32429 6
Ad5 32430 32430 1
Ad5 32431 32431 3
Ad5 32432 32432 3
Ad5 32433 32433 3
Ad5 32434 32434 6
Ad5 32436 32436 1
Ad5 32437 32437 2
Ad5 32438 32438 2
Ad5 32440 32440 5
Ad5 32441 32441 2
Ad5 32442 32442 7
Ad5 32443 32443 2
Ad5 32444 32444 3
Ad5 32445 32445 4
Ad5 32446 32446 1
Ad5 32447 32447 2
Ad5 32448 32448 3
Ad5 32452 32452 2
Ad5 32453 32453 2
Ad5 32454 32454 12
Ad5 32455 32455 8
Ad5 32456 32456 7
Ad5 32457 32457 5
Ad5 32458 32458 6
Ad5 32459 32459 1
Ad5 32460 32460 4
Ad5 32461 32461 2
Ad5 32462 32462 9
Ad5 32463 32463 5
Ad5 32464 32464 3
Ad5 32465 32465 5
Ad5 32466 32466 3
Ad5 32467 32467 2
Ad5 32468 32468 3
Ad5 32469 32469 4
Ad5 32470 32470 2
Ad5 32472 32472 1
Ad5 32474 32474 4
Ad5 32475 32475 2
Ad5 32478 32478 4
Ad5 32479 32479 1
Ad5 32480 32480 2
Ad5 32481 32481 4
Ad5 32482 32482 2
Ad5 32483 32483 4
Ad5 32486 32486 3
Ad5 32487 32487 2
Ad5 32488 32488 2
Ad5 32494 32494 1
Ad5 32495 32495 4
Ad5 32496 32496 2
Ad5 32498 32498 4
Ad5 32499 32499 1
Ad5 32500 32500 3
Ad5 32501 32501 1
Ad5 32502 32502 8
Ad5 32503 32503 2
Ad5 32504 32504 1
Ad5 32505 32505 4
Ad5 32506 32506 3
Ad5 32507 32507 2
Ad5 32509 32509 2
Ad5 32511 32511 2
Ad5 32512 32512 6
Ad5 32513 32513 4
Ad5 32514 32514 4
Ad5 32515 32515 3
Ad5 32516 32516 10
Ad5 32517 32517 1
Ad5 32520 32520 2
Ad5 32522 32522 2
Ad5 32524 32524 9
Ad5 32525 32525 6
Ad5 32526 32526 2
Ad5 32527 32527 10
Ad5 32528 32528 3
Ad5 32529 32529 3
Ad5 32530 32530 7
Ad5 32531 32531 1
Ad5 32532 32532 1
Ad5 32533 32533 2
Ad5 32534 32534 3
Ad5 32535 32535 4
Ad5 32537 32537 5
Ad5 32538 32538 1
Ad5 32540 32540 1
Ad5 32543 32543 1
Ad5 32544 32544 3
Ad5 32546 32546 4
Ad5 32549 32549 4
Ad5 32550 32550 2
Ad5 32551 32551 1
Ad5 32553 32553 4
Ad5 32554 32554 2
Ad5 32555 32555 2
Ad5 32556 32556 1
Ad5 32561 32561 6
Ad5 32563 32563 1
Ad5 32564 32564 1
Ad5 32566 32566 4
Ad5 32567 32567 1
Ad5 32568 32568 2
Ad5 32569 32569 1
Ad5 32578 32578 2
Ad5 32579 32579 1
Ad5 32580 32580 1
Ad5 32581 32581 1
Ad5 32584 32584 1
Ad5 32585 32585 2
Ad5 32586 32586 3
Ad5 32588 32588 1
Ad5 32589 32589 1
Ad5 32590 32590 1
Ad5 32593 32593 2
Ad5 32594 32594 1
Ad5 32595 32595 1
Ad5 32596 32596 1
Ad5 32597 32597 1
Ad5 32598 32598 3
Ad5 32600 32600 1
Ad5 32601 32601 1
Ad5 32602 32602 3
Ad5 32603 32603 3
Ad5 32604 32604 1
Ad5 32605 32605 1
Ad5 32606 32606 4
Ad5 32607 32607 1
Ad5 32609 32609 1
Ad5 32612 32612 2
Ad5 32618 32618 1
Ad5 32622 32622 3
Ad5 32630 32630 2
Ad5 32638 32638 1
Ad5 32645 32645 1
Ad5 34358 34358 1
Ad5 34627 34627 1
