Ad5 27761 27761 1
Ad5 27803 27803 1
Ad5 27827 27827 1
Ad5 27837 27837 1
Ad5 27842 27842 1
Ad5 27843 27843 1
Ad5 27845 27845 1
Ad5 27881 27881 2
Ad5 27888 27888 1
Ad5 27911 27911 1
Ad5 27923 27923 2
Ad5 27925 27925 1
Ad5 27930 27930 1
Ad5 27936 27936 1
Ad5 27939 27939 1
Ad5 27959 27959 1
Ad5 27970 27970 1
Ad5 27992 27992 1
Ad5 27996 27996 1
Ad5 27999 27999 1
Ad5 28000 28000 2
Ad5 28001 28001 1
Ad5 28006 28006 1
Ad5 28018 28018 1
Ad5 28021 28021 1
Ad5 28024 28024 1
Ad5 28036 28036 2
Ad5 28040 28040 2
Ad5 28041 28041 3
Ad5 28042 28042 1
Ad5 28044 28044 1
Ad5 28045 28045 1
Ad5 28050 28050 2
Ad5 28057 28057 1
Ad5 28058 28058 3
Ad5 28060 28060 1
Ad5 28063 28063 2
Ad5 28066 28066 1
Ad5 28068 28068 2
Ad5 28069 28069 2
Ad5 28072 28072 1
Ad5 28073 28073 1
Ad5 28074 28074 1
Ad5 28076 28076 2
Ad5 28077 28077 3
Ad5 28079 28079 2
Ad5 28080 28080 5
Ad5 28087 28087 1
Ad5 28088 28088 2
Ad5 28089 28089 1
Ad5 28090 28090 2
Ad5 28092 28092 2
Ad5 28093 28093 1
Ad5 28098 28098 2
Ad5 28100 28100 1
Ad5 28107 28107 4
Ad5 28113 28113 1
Ad5 28114 28114 1
Ad5 28116 28116 5
Ad5 28118 28118 1
Ad5 28119 28119 6
Ad5 28120 28120 2
Ad5 28123 28123 1
Ad5 28124 28124 7
Ad5 28125 28125 3
Ad5 28126 28126 1
Ad5 28127 28127 1
Ad5 28128 28128 5
Ad5 28131 28131 2
Ad5 28132 28132 3
Ad5 28135 28135 1
Ad5 28136 28136 8
Ad5 28137 28137 4
Ad5 28138 28138 2
Ad5 28139 28139 2
Ad5 28140 28140 1
Ad5 28141 28141 4
Ad5 28142 28142 2
Ad5 28143 28143 4
Ad5 28147 28147 2
Ad5 28148 28148 8
Ad5 28149 28149 14
Ad5 28150 28150 24
Ad5 28151 28151 2
Ad5 28153 28153 5
Ad5 28154 28154 6
Ad5 28155 28155 3
Ad5 28157 28157 1
Ad5 28158 28158 5
Ad5 28159 28159 4
Ad5 28160 28160 3
Ad5 28161 28161 12
Ad5 28162 28162 26
Ad5 28163 28163 5
Ad5 28164 28164 3
Ad5 28165 28165 7
Ad5 28166 28166 37
Ad5 28167 28167 27
Ad5 28168 28168 43
Ad5 28169 28169 8
Ad5 28170 28170 10
Ad5 28171 28171 3
Ad5 28172 28172 2
Ad5 28173 28173 4
Ad5 28174 28174 2
Ad5 28175 28175 11
Ad5 28176 28176 12
Ad5 28177 28177 38
Ad5 28178 28178 13
Ad5 28179 28179 8
Ad5 28180 28180 20
Ad5 28181 28181 269
Ad5 28182 28182 561
Ad5 28183 28183 92
Ad5 28184 28184 40
Ad5 28185 28185 747
Ad5 28186 28186 13
Ad5 28187 28187 110
Ad5 28188 28188 6
Ad5 28190 28190 3
Ad5 28208 28208 1
Ad5 28330 28330 1
Ad5 28344 28344 1
Ad5 28416 28416 1
Ad5 28459 28459 1
Ad5 28463 28463 1
Ad5 28468 28468 2
Ad5 28474 28474 2
Ad5 28479 28479 1
Ad5 28483 28483 1
Ad5 28485 28485 2
Ad5 28487 28487 2
Ad5 28488 28488 3
Ad5 28489 28489 1
Ad5 28490 28490 3
Ad5 28492 28492 1
Ad5 28498 28498 1
Ad5 28587 28587 1
Ad5 28589 28589 1
Ad5 28758 28758 1
Ad5 28799 28799 1
Ad5 28804 28804 1
Ad5 28827 28827 1
Ad5 28849 28849 1
Ad5 28891 28891 1
Ad5 28892 28892 1
Ad5 28972 28972 1
Ad5 28988 28988 1
Ad5 29024 29024 1
Ad5 29141 29141 1
Ad5 29146 29146 1
Ad5 29186 29186 1
Ad5 29202 29202 1
Ad5 29208 29208 2
Ad5 29209 29209 1
Ad5 29221 29221 1
Ad5 29235 29235 1
Ad5 29308 29308 1
Ad5 29405 29405 1
Ad5 29438 29438 1
Ad5 29453 29453 1
Ad5 29454 29454 1
Ad5 29467 29467 1
Ad5 29473 29473 1
Ad5 29493 29493 2
Ad5 29495 29495 2
Ad5 29505 29505 1
Ad5 29527 29527 1
Ad5 29596 29596 1
Ad5 29598 29598 1
Ad5 29599 29599 1
Ad5 29654 29654 1
Ad5 29661 29661 1
Ad5 29667 29667 1
Ad5 29675 29675 2
Ad5 29695 29695 1
Ad5 29699 29699 2
Ad5 29702 29702 1
Ad5 29704 29704 1
Ad5 29708 29708 1
Ad5 29710 29710 1
Ad5 29720 29720 1
Ad5 29723 29723 1
Ad5 29724 29724 3
Ad5 29725 29725 4
Ad5 29726 29726 1
Ad5 29730 29730 2
Ad5 29731 29731 3
Ad5 29733 29733 4
Ad5 29734 29734 6
Ad5 29735 29735 2
Ad5 29736 29736 5
Ad5 29737 29737 1
Ad5 29738 29738 30
Ad5 29739 29739 3
Ad5 29740 29740 3
Ad5 29741 29741 2
Ad5 29742 29742 1
Ad5 29743 29743 3
Ad5 29744 29744 23
Ad5 29745 29745 1
Ad5 29746 29746 21
Ad5 29747 29747 10
Ad5 29748 29748 34
Ad5 29749 29749 5
Ad5 29750 29750 4
Ad5 29751 29751 3
Ad5 29752 29752 2
Ad5 29753 29753 26
Ad5 29754 29754 2
Ad5 29755 29755 2
Ad5 29756 29756 2
Ad5 29757 29757 4
Ad5 29758 29758 4
Ad5 29759 29759 4
Ad5 29760 29760 3
Ad5 29771 29771 1
Ad5 29774 29774 1
Ad5 29775 29775 2
Ad5 29776 29776 12
Ad5 29777 29777 6
Ad5 29779 29779 1
Ad5 29780 29780 6
Ad5 29781 29781 61
Ad5 29782 29782 1
Ad5 29783 29783 25
Ad5 29784 29784 2
Ad5 29785 29785 2
Ad5 29787 29787 5
Ad5 29788 29788 17
Ad5 29789 29789 20
Ad5 29790 29790 37
Ad5 29791 29791 100
Ad5 29792 29792 28
Ad5 29793 29793 15
Ad5 29794 29794 3
Ad5 29795 29795 81
Ad5 29796 29796 6
Ad5 29797 29797 2
Ad5 29798 29798 27
Ad5 29799 29799 90
Ad5 29800 29800 144
Ad5 29801 29801 18
Ad5 29802 29802 20
Ad5 29803 29803 18
Ad5 29804 29804 31
Ad5 29805 29805 10
Ad5 29806 29806 7
Ad5 29807 29807 7
Ad5 29808 29808 2
Ad5 29811 29811 9
Ad5 29827 29827 1
Ad5 29833 29833 1
Ad5 29850 29850 1
Ad5 29857 29857 2
Ad5 29875 29875 1
Ad5 29878 29878 1
Ad5 29881 29881 1
Ad5 29914 29914 1
Ad5 29934 29934 1
Ad5 29938 29938 1
Ad5 29941 29941 2
Ad5 29951 29951 1
Ad5 29959 29959 1
Ad5 29962 29962 1
Ad5 29965 29965 1
Ad5 29967 29967 4
Ad5 29968 29968 1
Ad5 29969 29969 4
Ad5 29971 29971 1
Ad5 29972 29972 1
Ad5 29973 29973 2
Ad5 29974 29974 4
Ad5 29976 29976 1
Ad5 29977 29977 1
Ad5 29978 29978 4
Ad5 29979 29979 1
Ad5 29981 29981 6
Ad5 29983 29983 3
Ad5 29985 29985 6
Ad5 29986 29986 2
Ad5 29987 29987 21
Ad5 29988 29988 10
Ad5 29989 29989 5
Ad5 29990 29990 1
Ad5 29991 29991 20
Ad5 29992 29992 10
Ad5 29993 29993 4
Ad5 29994 29994 2
Ad5 29995 29995 13
Ad5 29997 29997 31
Ad5 29998 29998 5
Ad5 29999 29999 12
Ad5 30000 30000 31
Ad5 30001 30001 30
Ad5 30002 30002 10
Ad5 30004 30004 119
Ad5 30220 30220 1
Ad5 30563 30563 1
Ad5 30705 30705 1
Ad5 30721 30721 1
Ad5 30730 30730 1
Ad5 30778 30778 1
Ad5 30782 30782 4
Ad5 30783 30783 1
Ad5 30784 30784 2
Ad5 30787 30787 1
Ad5 30790 30790 1
Ad5 30821 30821 3
Ad5 30822 30822 1
Ad5 30828 30828 1
Ad5 30829 30829 1
Ad5 30830 30830 1
Ad5 30831 30831 1
Ad5 30832 30832 3
Ad5 30834 30834 1
Ad5 30835 30835 2
Ad5 30837 30837 1
Ad5 30839 30839 2
Ad5 30841 30841 1
Ad5 30842 30842 3
Ad5 30843 30843 22
Ad5 30844 30844 14
Ad5 30845 30845 35
Ad5 30846 30846 23
Ad5 30847 30847 18
Ad5 30848 30848 7
Ad5 30849 30849 4
Ad5 30850 30850 8
Ad5 30851 30851 4
Ad5 30852 30852 20
Ad5 30853 30853 6
Ad5 30854 30854 2
Ad5 30855 30855 4
Ad5 30856 30856 2
Ad5 30857 30857 2
Ad5 30858 30858 5
Ad5 30859 30859 40
Ad5 30860 30860 29
Ad5 30861 30861 10
Ad5 30862 30862 68
Ad5 30863 30863 2
Ad5 30864 30864 2
Ad5 30865 30865 1
Ad5 30866 30866 123
Ad5 30868 30868 1
Ad5 30869 30869 1
Ad5 30871 30871 11
Ad5 30872 30872 34
Ad5 30873 30873 22
Ad5 30874 30874 8
Ad5 30875 30875 3
Ad5 30876 30876 82
Ad5 30877 30877 9
Ad5 30878 30878 2
Ad5 30879 30879 1
Ad5 30880 30880 4
Ad5 30884 30884 3
Ad5 30885 30885 7
Ad5 30886 30886 1
Ad5 30887 30887 3
Ad5 31135 31135 1
Ad5 31137 31137 1
Ad5 31147 31147 1
Ad5 31197 31197 1
Ad5 31250 31250 1
Ad5 31327 31327 1
Ad5 31346 31346 2
Ad5 31350 31350 1
Ad5 31357 31357 1
Ad5 31388 31388 1
Ad5 31394 31394 1
Ad5 31475 31475 1
Ad5 31506 31506 1
Ad5 31510 31510 2
Ad5 31531 31531 2
Ad5 31539 31539 1
Ad5 31556 31556 1
Ad5 31557 31557 1
Ad5 31625 31625 1
Ad5 31638 31638 1
Ad5 31651 31651 1
Ad5 31656 31656 1
Ad5 31657 31657 1
Ad5 31660 31660 1
Ad5 31662 31662 1
Ad5 31686 31686 1
Ad5 31690 31690 1
Ad5 31700 31700 1
Ad5 31737 31737 1
Ad5 31741 31741 1
Ad5 31742 31742 1
Ad5 31749 31749 1
Ad5 31754 31754 1
Ad5 31755 31755 2
Ad5 31758 31758 1
Ad5 31768 31768 1
Ad5 31779 31779 1
Ad5 31807 31807 1
Ad5 31812 31812 1
Ad5 31824 31824 1
Ad5 31827 31827 2
Ad5 31828 31828 2
Ad5 31838 31838 1
Ad5 31840 31840 1
Ad5 31846 31846 1
Ad5 31862 31862 1
Ad5 31866 31866 1
Ad5 31871 31871 1
Ad5 31875 31875 1
Ad5 31895 31895 1
Ad5 31897 31897 1
Ad5 31898 31898 1
Ad5 31902 31902 1
Ad5 31907 31907 1
Ad5 31908 31908 1
Ad5 31909 31909 2
Ad5 31914 31914 1
Ad5 31929 31929 1
Ad5 31941 31941 1
Ad5 31959 31959 2
Ad5 31960 31960 1
Ad5 31986 31986 1
Ad5 32019 32019 1
Ad5 32030 32030 1
Ad5 32031 32031 2
Ad5 32033 32033 1
Ad5 32037 32037 1
Ad5 32067 32067 3
Ad5 32069 32069 1
Ad5 32071 32071 1
Ad5 32077 32077 1
Ad5 32079 32079 1
Ad5 32082 32082 3
Ad5 32121 32121 1
Ad5 32140 32140 2
Ad5 32141 32141 2
Ad5 32146 32146 2
Ad5 32148 32148 1
Ad5 32159 32159 1
Ad5 32160 32160 1
Ad5 32162 32162 4
Ad5 32168 32168 1
Ad5 32179 32179 1
Ad5 32181 32181 1
Ad5 32183 32183 1
Ad5 32238 32238 1
Ad5 32240 32240 1
Ad5 32247 32247 1
Ad5 32252 32252 1
Ad5 32255 32255 1
Ad5 32263 32263 1
Ad5 32279 32279 1
Ad5 32280 32280 1
Ad5 32282 32282 1
Ad5 32288 32288 1
Ad5 32290 32290 2
Ad5 32291 32291 1
Ad5 32293 32293 4
Ad5 32294 32294 2
Ad5 32295 32295 9
Ad5 32300 32300 1
Ad5 32302 32302 1
Ad5 32305 32305 1
Ad5 32307 32307 1
Ad5 32314 32314 1
Ad5 32326 32326 2
Ad5 32330 32330 1
Ad5 32333 32333 1
Ad5 32335 32335 1
Ad5 32336 32336 2
Ad5 32343 32343 1
Ad5 32358 32358 1
Ad5 32374 32374 2
Ad5 32376 32376 2
Ad5 32378 32378 2
Ad5 32380 32380 1
Ad5 32400 32400 1
Ad5 32410 32410 1
Ad5 32431 32431 1
Ad5 32432 32432 1
Ad5 32438 32438 1
Ad5 32440 32440 2
Ad5 32441 32441 2
Ad5 32444 32444 1
Ad5 32445 32445 1
Ad5 32454 32454 1
Ad5 32470 32470 2
Ad5 32474 32474 1
Ad5 32478 32478 1
Ad5 32480 32480 2
Ad5 32481 32481 1
Ad5 32484 32484 1
Ad5 32485 32485 3
Ad5 32486 32486 1
Ad5 32487 32487 4
Ad5 32489 32489 2
Ad5 32490 32490 3
Ad5 32491 32491 2
Ad5 32492 32492 1
Ad5 32493 32493 5
Ad5 32494 32494 5
Ad5 32496 32496 1
Ad5 32500 32500 1
Ad5 32504 32504 1
Ad5 32507 32507 1
Ad5 32510 32510 2
Ad5 32513 32513 1
Ad5 32518 32518 1
Ad5 32520 32520 1
Ad5 32521 32521 2
Ad5 32523 32523 1
Ad5 32525 32525 1
Ad5 32528 32528 1
Ad5 32530 32530 1
Ad5 32531 32531 2
Ad5 32539 32539 5
Ad5 32542 32542 4
Ad5 32546 32546 3
Ad5 32548 32548 1
Ad5 32549 32549 2
Ad5 32550 32550 1
Ad5 32555 32555 1
Ad5 32557 32557 1
Ad5 32558 32558 3
Ad5 32559 32559 2
Ad5 32561 32561 1
Ad5 32563 32563 2
Ad5 32565 32565 1
Ad5 32567 32567 1
Ad5 32568 32568 2
Ad5 32570 32570 4
Ad5 32571 32571 2
Ad5 32576 32576 2
Ad5 32577 32577 1
Ad5 32578 32578 3
Ad5 32580 32580 1
Ad5 32585 32585 1
Ad5 32586 32586 3
Ad5 32589 32589 2
Ad5 32590 32590 3
Ad5 32595 32595 1
Ad5 32600 32600 2
Ad5 32601 32601 1
Ad5 32602 32602 1
Ad5 32603 32603 2
Ad5 32606 32606 2
Ad5 32609 32609 1
Ad5 32614 32614 1
Ad5 32618 32618 9
Ad5 32619 32619 3
Ad5 32621 32621 1
Ad5 32622 32622 2
Ad5 32623 32623 1
Ad5 32624 32624 6
Ad5 32625 32625 5
Ad5 32626 32626 3
Ad5 32627 32627 13
Ad5 32629 32629 7
Ad5 32630 32630 1
Ad5 32631 32631 5
Ad5 32632 32632 1
Ad5 32633 32633 2
Ad5 32634 32634 5
Ad5 32635 32635 1
Ad5 32636 32636 1
Ad5 32637 32637 7
Ad5 32638 32638 1
Ad5 32639 32639 8
Ad5 32640 32640 2
Ad5 32641 32641 2
Ad5 32642 32642 3
Ad5 32643 32643 4
Ad5 32644 32644 4
Ad5 32645 32645 2
Ad5 32646 32646 2
Ad5 32649 32649 1
Ad5 32650 32650 6
Ad5 32651 32651 1
Ad5 32652 32652 3
Ad5 32654 32654 1
Ad5 32655 32655 5
Ad5 32656 32656 2
Ad5 32657 32657 4
Ad5 32658 32658 1
Ad5 32660 32660 1
Ad5 32662 32662 1
Ad5 32664 32664 8
Ad5 32665 32665 1
Ad5 32666 32666 1
Ad5 32667 32667 5
Ad5 32668 32668 15
Ad5 32669 32669 3
Ad5 32670 32670 17
Ad5 32671 32671 8
Ad5 32672 32672 9
Ad5 32673 32673 39
Ad5 32674 32674 14
Ad5 32675 32675 2
Ad5 32676 32676 9
Ad5 32678 32678 19
Ad5 32679 32679 3
Ad5 32680 32680 6
Ad5 32681 32681 19
Ad5 32682 32682 4
Ad5 32683 32683 1
Ad5 32684 32684 3
Ad5 32685 32685 8
Ad5 32686 32686 15
Ad5 32687 32687 15
Ad5 32688 32688 11
Ad5 32689 32689 39
Ad5 32690 32690 5
Ad5 32691 32691 2
Ad5 32692 32692 3
Ad5 32693 32693 2
Ad5 32695 32695 1
Ad5 32696 32696 1
Ad5 32697 32697 5
Ad5 32698 32698 18
Ad5 32699 32699 3
Ad5 32700 32700 3
Ad5 32701 32701 18
Ad5 32702 32702 14
Ad5 32703 32703 9
Ad5 32704 32704 8
Ad5 32705 32705 2
Ad5 32706 32706 1
Ad5 32708 32708 1
Ad5 32709 32709 1
Ad5 32710 32710 5
Ad5 32711 32711 2
Ad5 32712 32712 2
Ad5 32713 32713 1
Ad5 32714 32714 1
Ad5 32715 32715 4
Ad5 32716 32716 3
Ad5 32717 32717 4
Ad5 32719 32719 1
Ad5 32720 32720 2
Ad5 32721 32721 6
Ad5 32722 32722 50
Ad5 32723 32723 28
Ad5 32724 32724 28
Ad5 32725 32725 42
Ad5 32726 32726 18
Ad5 32727 32727 4
Ad5 32728 32728 21
Ad5 32729 32729 30
Ad5 32730 32730 17
Ad5 32731 32731 1
Ad5 32733 32733 2
Ad5 32735 32735 1
Ad5 32736 32736 2
Ad5 32737 32737 4
Ad5 32738 32738 1
Ad5 32739 32739 10
Ad5 32740 32740 10
Ad5 32741 32741 29
Ad5 32742 32742 2
Ad5 32743 32743 12
Ad5 32744 32744 20
Ad5 32745 32745 19
Ad5 32747 32747 26
Ad5 32748 32748 52
Ad5 32749 32749 43
Ad5 32750 32750 88
Ad5 32751 32751 113
Ad5 32752 32752 23
Ad5 32753 32753 49
Ad5 32754 32754 78
Ad5 32755 32755 54
Ad5 32756 32756 21
Ad5 32757 32757 6
Ad5 32758 32758 39
Ad5 32759 32759 7
Ad5 32760 32760 12
Ad5 32761 32761 5
Ad5 32762 32762 1
Ad5 32763 32763 7
Ad5 32764 32764 7
Ad5 32765 32765 23
Ad5 32766 32766 7
Ad5 32767 32767 6
Ad5 32768 32768 1
Ad5 32770 32770 3
Ad5 32772 32772 1
Ad5 32778 32778 1
Ad5 32779 32779 8
Ad5 32780 32780 4
Ad5 32782 32782 4
Ad5 32783 32783 12
Ad5 32784 32784 9
Ad5 32785 32785 65
Ad5 32786 32786 5
Ad5 32787 32787 12
Ad5 32788 32788 11
Ad5 32789 32789 21
Ad5 32790 32790 27
Ad5 32791 32791 97
Ad5 32792 32792 501
Ad5 32793 32793 108
Ad5 32794 32794 141
Ad5 32795 32795 156
Ad5 32796 32796 1137
Ad5 32797 32797 50
Ad5 32798 32798 71
Ad5 32799 32799 837
Ad5 32800 32800 176
Ad5 32801 32801 303
Ad5 32802 32802 174
Ad5 32803 32803 2356
Ad5 32804 32804 193
Ad5 32805 32805 185
Ad5 32806 32806 120
Ad5 32807 32807 707
Ad5 32808 32808 318
Ad5 32809 32809 4
Ad5 32810 32810 8
Ad5 32811 32811 261
Ad5 32812 32812 19
Ad5 32813 32813 1
Ad5 32814 32814 1
Ad5 32815 32815 2
Ad5 32819 32819 1
Ad5 32821 32821 2
Ad5 32822 32822 2
Ad5 32823 32823 2
Ad5 32829 32829 1
Ad5 32832 32832 2
Ad5 32836 32836 1
Ad5 32910 32910 1
Ad5 32941 32941 1
Ad5 33086 33086 1
Ad5 33129 33129 1
Ad5 33139 33139 2
Ad5 33275 33275 1
Ad5 33647 33647 1
Ad5 34354 34354 1
Ad5 34609 34609 1
Ad5 35072 35072 1
Ad5 35133 35133 1
Ad5 35399 35399 1
Ad5 35746 35746 2
Ad5 35747 35747 1
